cm,K,mol/mol,mol/mol,mol/mol,mol/mol,mol/mol,mol/mol,mol/mol,kg/kg
z,T_CL,X_O2,X_CO2,X_CO,X_FUEL,X_H2O,X_H2,X_N2,Y_Soot
 2.5000000E-001, 7.2549457E+002, 4.5373544E-003, 2.6132658E-002, 3.0152809E-002, 4.9837275E-001, 8.4013836E-002, 3.0152809E-002, 3.2663778E-001, 0.0000000E+000
 7.5000000E-001, 8.6959485E+002, 1.3164575E-002, 3.4500786E-002, 3.1426543E-002, 3.6027166E-001, 1.0251264E-001, 3.1426543E-002, 4.2669725E-001, 0.0000000E+000
 1.2500000E+000, 9.3749576E+002, 1.7158886E-002, 3.8585167E-002, 3.1954786E-002, 2.9453318E-001, 1.1144254E-001, 3.1954786E-002, 4.7437065E-001, 0.0000000E+000
 1.7500000E+000, 9.7992149E+002, 1.9116458E-002, 4.1236927E-002, 3.2286441E-002, 2.5496479E-001, 1.1721705E-001, 3.2286441E-002, 5.0289189E-001, 0.0000000E+000
 2.2500000E+000, 1.0097074E+003, 2.0418426E-002, 4.3135600E-002, 3.2507225E-002, 2.2722251E-001, 1.2133281E-001, 3.2507225E-002, 5.2287620E-001, 0.0000000E+000
 2.7500000E+000, 1.0364611E+003, 2.1157197E-002, 4.5017053E-002, 3.2290698E-002, 2.0531367E-001, 1.2495783E-001, 3.2290698E-002, 5.3897285E-001, 0.0000000E+000
 3.2500000E+000, 1.0555834E+003, 2.2523623E-002, 4.6426314E-002, 3.1741691E-002, 1.8764179E-001, 1.2729406E-001, 3.1741691E-002, 5.5263082E-001, 0.0000000E+000
 3.7500000E+000, 1.0677287E+003, 2.4802933E-002, 4.7191430E-002, 3.1142315E-002, 1.7274775E-001, 1.2828383E-001, 3.1142315E-002, 5.6468943E-001, 0.0000000E+000
 4.2500000E+000, 1.0768349E+003, 2.7448820E-002, 4.7664148E-002, 3.0389660E-002, 1.6022647E-001, 1.2852870E-001, 3.0389660E-002, 5.7535254E-001, 0.0000000E+000
 4.7500000E+000, 1.0858599E+003, 2.9866982E-002, 4.8099340E-002, 2.9595948E-002, 1.4946654E-001, 1.2865116E-001, 2.9595948E-002, 5.8472408E-001, 0.0000000E+000
 5.2500000E+000, 1.0934500E+003, 3.2339415E-002, 4.8459400E-002, 2.8700984E-002, 1.3992605E-001, 1.2851848E-001, 2.8700984E-002, 5.9335470E-001, 0.0000000E+000
 5.7500000E+000, 1.1003386E+003, 3.4860989E-002, 4.8669636E-002, 2.7900310E-002, 1.3109268E-001, 1.2817757E-001, 2.7900310E-002, 6.0139850E-001, 0.0000000E+000
 6.2500000E+000, 1.1076794E+003, 3.7150964E-002, 4.8955388E-002, 2.7054205E-002, 1.2287627E-001, 1.2793995E-001, 2.7054205E-002, 6.0896901E-001, 0.0000000E+000
 6.7500000E+000, 1.1131878E+003, 3.9436576E-002, 4.9171666E-002, 2.6204734E-002, 1.1543641E-001, 1.2755733E-001, 2.6204734E-002, 6.1598855E-001, 0.0000000E+000
 7.2500000E+000, 1.1176565E+003, 4.1765431E-002, 4.9282436E-002, 2.5379297E-002, 1.0874031E-001, 1.2698509E-001, 2.5379297E-002, 6.2246815E-001, 0.0000000E+000
 7.7500000E+000, 1.1209742E+003, 4.4186816E-002, 4.9239764E-002, 2.4646942E-002, 1.0259052E-001, 1.2619682E-001, 2.4646942E-002, 6.2849220E-001, 0.0000000E+000
 8.2500000E+000, 1.1234194E+003, 4.6662139E-002, 4.9107658E-002, 2.3954279E-002, 9.6857765E-002, 1.2526781E-001, 2.3954279E-002, 6.3419607E-001, 0.0000000E+000
 8.7500000E+000, 1.1249293E+003, 4.9212386E-002, 4.8937009E-002, 2.3209369E-002, 9.1527849E-002, 1.2420847E-001, 2.3209369E-002, 6.3969555E-001, 0.0000000E+000
 9.2500000E+000, 1.1252234E+003, 5.1913994E-002, 4.8704260E-002, 2.2393785E-002, 8.6609133E-002, 1.2295345E-001, 2.2393785E-002, 6.4503159E-001, 0.0000000E+000
 9.7500000E+000, 1.1238086E+003, 5.4837169E-002, 4.8300470E-002, 2.1638611E-002, 8.2027625E-002, 1.2141566E-001, 2.1638611E-002, 6.5014185E-001, 0.0000000E+000
 1.0250000E+001, 1.1211907E+003, 5.7857246E-002, 4.7782228E-002, 2.0948882E-002, 7.7747481E-002, 1.1971319E-001, 2.0948882E-002, 6.5500209E-001, 0.0000000E+000
 1.0750000E+001, 1.1181678E+003, 6.0850962E-002, 4.7229532E-002, 2.0294692E-002, 7.3715897E-002, 1.1797626E-001, 2.0294692E-002, 6.5963797E-001, 0.0000000E+000
 1.1250000E+001, 1.1156143E+003, 6.3699979E-002, 4.6730204E-002, 1.9627814E-002, 6.9898170E-002, 1.1633244E-001, 1.9627814E-002, 6.6408358E-001, 0.0000000E+000
 1.1750000E+001, 1.1133657E+003, 6.6402024E-002, 4.6283553E-002, 1.8953262E-002, 6.6278470E-002, 1.1478540E-001, 1.8953262E-002, 6.6834403E-001, 0.0000000E+000
 1.2250000E+001, 1.1111596E+003, 6.9027589E-002, 4.5855167E-002, 1.8276821E-002, 6.2844044E-002, 1.1327224E-001, 1.8276821E-002, 6.7244732E-001, 0.0000000E+000
 1.2750000E+001, 1.1082696E+003, 7.1758565E-002, 4.5359034E-002, 1.7605149E-002, 5.9588706E-002, 1.1162788E-001, 1.7605149E-002, 6.7645552E-001, 0.0000000E+000
 1.3250000E+001, 1.1045961E+003, 7.4550389E-002, 4.4790904E-002, 1.6976272E-002, 5.6512437E-002, 1.0988158E-001, 1.6976272E-002, 6.8031214E-001, 0.0000000E+000
 1.3750000E+001, 1.1003016E+003, 7.7417599E-002, 4.4166958E-002, 1.6356548E-002, 5.3603034E-002, 1.0803231E-001, 1.6356548E-002, 6.8406700E-001, 0.0000000E+000
 1.4250000E+001, 1.0956986E+003, 8.0302883E-002, 4.3513549E-002, 1.5740523E-002, 5.0893096E-002, 1.0612713E-001, 1.5740523E-002, 6.8768230E-001, 0.0000000E+000
 1.4750000E+001, 1.0916668E+003, 8.3103367E-002, 4.2894527E-002, 1.5115249E-002, 4.8287952E-002, 1.0428101E-001, 1.5115249E-002, 6.9120265E-001, 0.0000000E+000
 1.5250000E+001, 1.0873909E+003, 8.5651004E-002, 4.2323003E-002, 1.4550842E-002, 4.5976645E-002, 1.0258897E-001, 1.4550842E-002, 6.9435869E-001, 0.0000000E+000
 1.5750000E+001, 1.0832136E+003, 8.8104233E-002, 4.1772317E-002, 1.4006334E-002, 4.3761476E-002, 1.0095791E-001, 1.4006334E-002, 6.9739140E-001, 0.0000000E+000
 1.6250000E+001, 1.0788765E+003, 9.0451153E-002, 4.1237708E-002, 1.3492639E-002, 4.1675548E-002, 9.9389014E-002, 1.3492639E-002, 7.0026130E-001, 0.0000000E+000
 1.6750000E+001, 1.0741344E+003, 9.2738612E-002, 4.0700404E-002, 1.3008428E-002, 3.9702216E-002, 9.7843566E-002, 1.3008428E-002, 7.0299835E-001, 0.0000000E+000
 1.7250000E+001, 1.0692007E+003, 9.4980013E-002, 4.0159647E-002, 1.2548671E-002, 3.7819558E-002, 9.6315143E-002, 1.2548671E-002, 7.0562830E-001, 0.0000000E+000
 1.7750000E+001, 1.0642313E+003, 9.7162507E-002, 3.9623352E-002, 1.2112809E-002, 3.6009207E-002, 9.4819061E-002, 1.2112809E-002, 7.0816026E-001, 0.0000000E+000
 1.8250000E+001, 1.0591472E+003, 9.9298226E-002, 3.9087293E-002, 1.1697811E-002, 3.4278358E-002, 9.3343847E-002, 1.1697811E-002, 7.1059665E-001, 0.0000000E+000
 1.8750000E+001, 1.0540118E+003, 1.0138932E-001, 3.8557016E-002, 1.1294150E-002, 3.2622792E-002, 9.1891135E-002, 1.1294150E-002, 7.1295144E-001, 0.0000000E+000
 1.9250000E+001, 1.0487830E+003, 1.0344016E-001, 3.8028778E-002, 1.0905542E-002, 3.1035905E-002, 9.0457167E-002, 1.0905542E-002, 7.1522690E-001, 0.0000000E+000
 1.9750000E+001, 1.0435356E+003, 1.0541766E-001, 3.7516574E-002, 1.0531652E-002, 2.9530350E-002, 8.9069499E-002, 1.0531652E-002, 7.1740261E-001, 0.0000000E+000
 2.0250000E+001, 1.0380030E+003, 1.0738901E-001, 3.6988860E-002, 1.0174220E-002, 2.8106276E-002, 8.7666888E-002, 1.0174220E-002, 7.1950052E-001, 0.0000000E+000
 2.0750000E+001, 1.0322568E+003, 1.0936155E-001, 3.6440150E-002, 9.8382664E-003, 2.6752569E-002, 8.6243407E-002, 9.8382664E-003, 7.2152580E-001, 0.0000000E+000
 2.1250000E+001, 1.0261630E+003, 1.1133716E-001, 3.5871204E-002, 9.5224865E-003, 2.5460938E-002, 8.4799315E-002, 9.5224865E-003, 7.2348641E-001, 0.0000000E+000
 2.1750000E+001, 1.0199510E+003, 1.1327469E-001, 3.5310591E-002, 9.2113889E-003, 2.4231520E-002, 8.3376261E-002, 9.2113889E-003, 7.2538416E-001, 0.0000000E+000
 2.2250000E+001, 1.0136588E+003, 1.1516125E-001, 3.4772230E-002, 8.8923635E-003, 2.3064435E-002, 8.1989520E-002, 8.8923635E-003, 7.2722784E-001, 0.0000000E+000
 2.2750000E+001, 1.0072050E+003, 1.1701882E-001, 3.4248443E-002, 8.5630887E-003, 2.1951467E-002, 8.0621493E-002, 8.5630887E-003, 7.2903360E-001, 0.0000000E+000
 2.3250000E+001, 1.0006670E+003, 1.1887479E-001, 3.3721770E-002, 8.2333767E-003, 2.0879550E-002, 7.9247113E-002, 8.2333767E-003, 7.3081003E-001, 0.0000000E+000
 2.3750000E+001, 9.9391407E+002, 1.2073331E-001, 3.3184981E-002, 7.9118757E-003, 1.9846502E-002, 7.7860539E-002, 7.9118757E-003, 7.3255091E-001, 0.0000000E+000
 2.4250000E+001, 9.8677745E+002, 1.2261042E-001, 3.2632244E-002, 7.5948969E-003, 1.8862333E-002, 7.6446431E-002, 7.5948969E-003, 7.3425878E-001, 0.0000000E+000
 2.4750000E+001, 9.7931902E+002, 1.2449819E-001, 3.2065707E-002, 7.2824193E-003, 1.7942378E-002, 7.5008993E-002, 7.2824193E-003, 7.3591990E-001, 0.0000000E+000
 2.5250000E+001, 9.7160256E+002, 1.2637522E-001, 3.1485558E-002, 6.9908327E-003, 1.7075701E-002, 7.3564912E-002, 6.9908327E-003, 7.3751694E-001, 0.0000000E+000
 2.5750000E+001, 9.6367903E+002, 1.2822826E-001, 3.0899624E-002, 6.7202214E-003, 1.6242583E-002, 7.2129966E-002, 6.7202214E-003, 7.3905913E-001, 0.0000000E+000
 2.6250000E+001, 9.5575468E+002, 1.3003211E-001, 3.0329413E-002, 6.4574147E-003, 1.5425534E-002, 7.0734089E-002, 6.4574147E-003, 7.4056403E-001, 0.0000000E+000
 2.6750000E+001, 9.4796901E+002, 1.3177054E-001, 2.9784327E-002, 6.2011291E-003, 1.4611629E-002, 6.9394823E-002, 6.2011291E-003, 7.4203642E-001, 0.0000000E+000
 2.7250000E+001, 9.4018074E+002, 1.3345885E-001, 2.9255207E-002, 5.9513384E-003, 1.3824582E-002, 6.8093772E-002, 5.9513384E-003, 7.4346491E-001, 0.0000000E+000
 2.7750000E+001, 9.3242685E+002, 1.3510607E-001, 2.8731161E-002, 5.7162674E-003, 1.3080528E-002, 6.6817290E-002, 5.7162674E-003, 7.4483242E-001, 0.0000000E+000
 2.8250000E+001, 9.2483837E+002, 1.3668766E-001, 2.8221918E-002, 5.4993772E-003, 1.2370460E-002, 6.5588268E-002, 5.4993772E-003, 7.4613294E-001, 0.0000000E+000
 2.8750000E+001, 9.1732113E+002, 1.3821232E-001, 2.7729376E-002, 5.2929284E-003, 1.1685319E-002, 6.4402847E-002, 5.2929284E-003, 7.4738428E-001, 0.0000000E+000
 2.9250000E+001, 9.0966528E+002, 1.3969778E-001, 2.7249204E-002, 5.0907876E-003, 1.1027654E-002, 6.3246290E-002, 5.0907876E-003, 7.4859750E-001, 0.0000000E+000
 2.9750000E+001, 9.0174722E+002, 1.4118146E-001, 2.6766244E-002, 4.8895137E-003, 1.0401988E-002, 6.2084904E-002, 4.8895137E-003, 7.4978637E-001, 0.0000000E+000
 3.0250000E+001, 8.9361815E+002, 1.4266529E-001, 2.6278152E-002, 4.6902319E-003, 9.8163328E-003, 6.0915095E-002, 4.6902319E-003, 7.5094467E-001, 0.0000000E+000
 3.0750000E+001, 8.8536827E+002, 1.4413273E-001, 2.5790947E-002, 4.4943886E-003, 9.2762354E-003, 5.9750297E-002, 4.4943886E-003, 7.5206102E-001, 0.0000000E+000
 3.1250000E+001, 8.7704922E+002, 1.4558308E-001, 2.5302343E-002, 4.3063594E-003, 8.7795457E-003, 5.8590291E-002, 4.3063594E-003, 7.5313202E-001, 0.0000000E+000
 3.1750000E+001, 8.6853179E+002, 1.4703071E-001, 2.4807934E-002, 4.1242614E-003, 8.3169081E-003, 5.7424454E-002, 4.1242614E-003, 7.5417147E-001, 0.0000000E+000
 3.2250000E+001, 8.5981536E+002, 1.4846415E-001, 2.4308963E-002, 3.9560788E-003, 7.8758657E-003, 5.6263234E-002, 3.9560788E-003, 7.5517563E-001, 0.0000000E+000
 3.2750000E+001, 8.5108450E+002, 1.4986140E-001, 2.3818531E-002, 3.7971318E-003, 7.4550209E-003, 5.5128147E-002, 3.7971318E-003, 7.5614264E-001, 0.0000000E+000
 3.3250000E+001, 8.4251990E+002, 1.5120031E-001, 2.3352337E-002, 3.6389777E-003, 7.0516359E-003, 5.4042164E-002, 3.6389777E-003, 7.5707560E-001, 0.0000000E+000
 3.3750000E+001, 8.3411267E+002, 1.5249658E-001, 2.2902030E-002, 3.4838833E-003, 6.6634968E-003, 5.2990869E-002, 3.4838833E-003, 7.5797926E-001, 0.0000000E+000
 3.4250000E+001, 8.2579588E+002, 1.5376290E-001, 2.2461513E-002, 3.3322524E-003, 6.2916204E-003, 5.1962492E-002, 3.3322524E-003, 7.5885697E-001, 0.0000000E+000
 3.4750000E+001, 8.1773579E+002, 1.5500993E-001, 2.2029420E-002, 3.1801400E-003, 5.9262932E-003, 5.0950429E-002, 3.1801400E-003, 7.5972365E-001, 0.0000000E+000
 3.5250000E+001, 8.0959813E+002, 1.5620607E-001, 2.1613192E-002, 3.0349138E-003, 5.5898880E-003, 4.9976754E-002, 3.0349138E-003, 7.6054427E-001, 0.0000000E+000
 3.5750000E+001, 8.0166356E+002, 1.5739136E-001, 2.1200519E-002, 2.8903773E-003, 5.2631130E-003, 4.9010824E-002, 2.8903773E-003, 7.6135343E-001, 0.0000000E+000
 3.6250000E+001, 7.9375416E+002, 1.5855948E-001, 2.0791568E-002, 2.7502973E-003, 4.9489005E-003, 4.8056698E-002, 2.7502973E-003, 7.6214276E-001, 0.0000000E+000
 3.6750000E+001, 7.8592519E+002, 1.5969649E-001, 2.0393093E-002, 2.6134619E-003, 4.6506729E-003, 4.7126643E-002, 2.6134619E-003, 7.6290618E-001, 0.0000000E+000
 3.7250000E+001, 7.7831122E+002, 1.6078433E-001, 2.0010930E-002, 2.4839020E-003, 4.3658685E-003, 4.6236317E-002, 2.4839020E-003, 7.6363475E-001, 0.0000000E+000
 3.7750000E+001, 7.7080526E+002, 1.6182743E-001, 1.9640860E-002, 2.3646164E-003, 4.0975307E-003, 4.5380261E-002, 2.3646164E-003, 7.6432469E-001, 0.0000000E+000
 3.8250000E+001, 7.6335436E+002, 1.6283346E-001, 1.9281953E-002, 2.2520194E-003, 3.8430899E-003, 4.4553074E-002, 2.2520194E-003, 7.6498438E-001, 0.0000000E+000
 3.8750000E+001, 7.5596483E+002, 1.6380460E-001, 1.8935714E-002, 2.1420653E-003, 3.6037318E-003, 4.3753736E-002, 2.1420653E-003, 7.6561809E-001, 0.0000000E+000
 3.9250000E+001, 7.4858809E+002, 1.6474949E-001, 1.8599140E-002, 2.0341984E-003, 3.3735602E-003, 4.2975730E-002, 2.0341984E-003, 7.6623368E-001, 0.0000000E+000
 3.9750000E+001, 7.4125876E+002, 1.6567698E-001, 1.8267877E-002, 1.9285871E-003, 3.1551663E-003, 4.2210517E-002, 1.9285871E-003, 7.6683228E-001, 0.0000000E+000
 4.0250000E+001, 7.3398016E+002, 1.6659131E-001, 1.7940479E-002, 1.8244495E-003, 2.9488850E-003, 4.1454435E-002, 1.8244495E-003, 7.6741600E-001, 0.0000000E+000
 4.0750000E+001, 7.2665896E+002, 1.6748882E-001, 1.7616472E-002, 1.7247227E-003, 2.7572370E-003, 4.0709441E-002, 1.7247227E-003, 7.6797859E-001, 0.0000000E+000
 4.1250000E+001, 7.1927564E+002, 1.6836153E-001, 1.7297827E-002, 1.6321264E-003, 2.5791132E-003, 3.9982178E-002, 1.6321264E-003, 7.6851510E-001, 0.0000000E+000
 4.1750000E+001, 7.1185802E+002, 1.6921454E-001, 1.6982038E-002, 1.5468241E-003, 2.4155411E-003, 3.9267794E-002, 1.5468241E-003, 7.6902644E-001, 0.0000000E+000
 4.2250000E+001, 7.0441129E+002, 1.7006050E-001, 1.6665034E-002, 1.4666896E-003, 2.2634135E-003, 3.8556071E-002, 1.4666896E-003, 7.6952160E-001, 0.0000000E+000
 4.2750000E+001, 6.9692010E+002, 1.7089952E-001, 1.6346311E-002, 1.3927716E-003, 2.1204438E-003, 3.7847050E-002, 1.3927716E-003, 7.7000113E-001, 0.0000000E+000
 4.3250000E+001, 6.8948056E+002, 1.7171637E-001, 1.6033635E-002, 1.3238617E-003, 1.9856113E-003, 3.7155036E-002, 1.3238617E-003, 7.7046162E-001, 0.0000000E+000
 4.3750000E+001, 6.8217669E+002, 1.7249875E-001, 1.5733196E-002, 1.2590378E-003, 1.8585858E-003, 3.6491477E-002, 1.2590378E-003, 7.7089991E-001, 0.0000000E+000
 4.4250000E+001, 6.7503707E+002, 1.7325041E-001, 1.5445292E-002, 1.1949748E-003, 1.7408597E-003, 3.5853657E-002, 1.1949748E-003, 7.7131983E-001, 0.0000000E+000
 4.4750000E+001, 6.6798449E+002, 1.7398074E-001, 1.5166791E-002, 1.1297601E-003, 1.6335861E-003, 3.5233424E-002, 1.1297601E-003, 7.7172594E-001, 0.0000000E+000
 4.5250000E+001, 6.6099713E+002, 1.7469109E-001, 1.4895721E-002, 1.0656661E-003, 1.5357268E-003, 3.4629101E-002, 1.0656661E-003, 7.7211703E-001, 0.0000000E+000
 4.5750000E+001, 6.5414409E+002, 1.7537369E-001, 1.4634201E-002, 1.0051576E-003, 1.4452954E-003, 3.4047371E-002, 1.0051576E-003, 7.7248913E-001, 0.0000000E+000
 4.6250000E+001, 6.4755578E+002, 1.7602403E-001, 1.4384393E-002, 9.4832662E-004, 1.3604421E-003, 3.3492646E-002, 9.4832662E-004, 7.7284183E-001, 0.0000000E+000
 4.6750000E+001, 6.4113512E+002, 1.7665767E-001, 1.4139450E-002, 8.9513567E-004, 1.2793670E-003, 3.2951231E-002, 8.9513567E-004, 7.7318201E-001, 0.0000000E+000
 4.7250000E+001, 6.3485001E+002, 1.7728042E-001, 1.3898131E-002, 8.4345029E-004, 1.2018607E-003, 3.2418531E-002, 8.4345029E-004, 7.7351416E-001, 0.0000000E+000
 4.7750000E+001, 6.2873293E+002, 1.7788789E-001, 1.3661851E-002, 7.9424703E-004, 1.1272923E-003, 3.1898341E-002, 7.9424703E-004, 7.7383613E-001, 0.0000000E+000
 4.8250000E+001, 6.2284617E+002, 1.7846877E-001, 1.3434960E-002, 7.4875948E-004, 1.0555239E-003, 3.1400567E-002, 7.4875948E-004, 7.7414266E-001, 0.0000000E+000
 4.8750000E+001, 6.1719087E+002, 1.7901907E-001, 1.3217836E-002, 7.0912037E-004, 9.8706266E-004, 3.0928084E-002, 7.0912037E-004, 7.7442971E-001, 0.0000000E+000
 4.9250000E+001, 6.1167263E+002, 1.7955506E-001, 1.3003982E-002, 6.7392494E-004, 9.2232331E-004, 3.0466521E-002, 6.7392494E-004, 7.7470426E-001, 0.0000000E+000
 4.9750000E+001, 6.0605533E+002, 1.8009412E-001, 1.2785880E-002, 6.4246287E-004, 8.6247137E-004, 3.0000165E-002, 6.4246287E-004, 7.7497244E-001, 0.0000000E+000
 5.0250000E+001, 6.0044206E+002, 1.8062695E-001, 1.2568553E-002, 6.1376037E-004, 8.0547109E-004, 2.9538084E-002, 6.1376037E-004, 7.7523342E-001, 0.0000000E+000
 5.0750000E+001, 5.9493488E+002, 1.8114344E-001, 1.2356792E-002, 5.8745308E-004, 7.5155529E-004, 2.9089478E-002, 5.8745308E-004, 7.7548382E-001, 0.0000000E+000
 5.1250000E+001, 5.8957559E+002, 1.8164355E-001, 1.2152993E-002, 5.6013984E-004, 6.9868799E-004, 2.8655762E-002, 5.6013984E-004, 7.7572873E-001, 0.0000000E+000
 5.1750000E+001, 5.8437119E+002, 1.8212832E-001, 1.1956223E-002, 5.3234155E-004, 6.4817837E-004, 2.8235588E-002, 5.3234155E-004, 7.7596700E-001, 0.0000000E+000
 5.2250000E+001, 5.7925328E+002, 1.8260560E-001, 1.1763259E-002, 5.0359067E-004, 5.9977500E-004, 2.7822058E-002, 5.0359067E-004, 7.7620213E-001, 0.0000000E+000
 5.2750000E+001, 5.7433091E+002, 1.8306418E-001, 1.1578147E-002, 4.7528942E-004, 5.5470579E-004, 2.7424635E-002, 4.7528942E-004, 7.7642775E-001, 0.0000000E+000
 5.3250000E+001, 5.6962194E+002, 1.8350547E-001, 1.1401092E-002, 4.4627008E-004, 5.1210669E-004, 2.7042574E-002, 4.4627008E-004, 7.7664622E-001, 0.0000000E+000
 5.3750000E+001, 5.6501288E+002, 1.8393790E-001, 1.1227663E-002, 4.1726670E-004, 4.7344481E-004, 2.6667750E-002, 4.1726670E-004, 7.7685871E-001, 0.0000000E+000
 5.4250000E+001, 5.6044904E+002, 1.8436385E-001, 1.1055812E-002, 3.8993635E-004, 4.3772946E-004, 2.6297726E-002, 3.8993635E-004, 7.7706501E-001, 0.0000000E+000
 5.4750000E+001, 5.5587808E+002, 1.8479836E-001, 1.0878183E-002, 3.6519946E-004, 4.0457010E-004, 2.5918730E-002, 3.6519946E-004, 7.7726976E-001, 0.0000000E+000
 5.5250000E+001, 5.5129223E+002, 1.8522406E-001, 1.0702354E-002, 3.4339679E-004, 3.7455334E-004, 2.5546228E-002, 3.4339679E-004, 7.7746601E-001, 0.0000000E+000
 5.5750000E+001, 5.4689402E+002, 1.8563804E-001, 1.0530965E-002, 3.2272942E-004, 3.4597626E-004, 2.5183711E-002, 3.2272942E-004, 7.7765584E-001, 0.0000000E+000
 5.6250000E+001, 5.4269082E+002, 1.8602967E-001, 1.0369202E-002, 3.0271111E-004, 3.1818161E-004, 2.4841049E-002, 3.0271111E-004, 7.7783647E-001, 0.0000000E+000
 5.6750000E+001, 5.3869141E+002, 1.8639856E-001, 1.0217136E-002, 2.8346346E-004, 2.9144710E-004, 2.4518504E-002, 2.8346346E-004, 7.7800742E-001, 0.0000000E+000
 5.7250000E+001, 5.3492399E+002, 1.8674588E-001, 1.0074492E-002, 2.6448964E-004, 2.6648518E-004, 2.4215032E-002, 2.6448964E-004, 7.7816914E-001, 0.0000000E+000
 5.7750000E+001, 5.3125146E+002, 1.8708154E-001, 9.9362906E-003, 2.4631602E-004, 2.4483084E-004, 2.3921210E-002, 2.4631602E-004, 7.7832349E-001, 0.0000000E+000
 5.8250000E+001, 5.2767316E+002, 1.8740599E-001, 9.8019436E-003, 2.2963218E-004, 2.2600956E-004, 2.3636549E-002, 2.2963218E-004, 7.7847024E-001, 0.0000000E+000
 5.8750000E+001, 5.2413275E+002, 1.8772262E-001, 9.6699257E-003, 2.1446402E-004, 2.0964825E-004, 2.3358032E-002, 2.1446402E-004, 7.7861084E-001, 0.0000000E+000
 5.9250000E+001, 5.2070289E+002, 1.8801774E-001, 9.5469780E-003, 2.0010317E-004, 1.9485764E-004, 2.3098416E-002, 2.0010317E-004, 7.7874180E-001, 0.0000000E+000
 5.9750000E+001, 5.1739330E+002, 1.8829713E-001, 9.4301700E-003, 1.8709293E-004, 1.8127019E-004, 2.2852391E-002, 1.8709293E-004, 7.7886486E-001, 0.0000000E+000
 6.0250000E+001, 5.1399405E+002, 1.8857928E-001, 9.3113844E-003, 1.7511648E-004, 1.6833319E-004, 2.2603441E-002, 1.7511648E-004, 7.7898733E-001, 0.0000000E+000
 6.0750000E+001, 5.1054023E+002, 1.8886352E-001, 9.1908955E-003, 1.6412980E-004, 1.5669175E-004, 2.2352069E-002, 1.6412980E-004, 7.7910857E-001, 0.0000000E+000
 6.1250000E+001, 5.0708770E+002, 1.8914655E-001, 9.0702456E-003, 1.5408197E-004, 1.4617080E-004, 2.2101303E-002, 1.5408197E-004, 7.7922757E-001, 0.0000000E+000
 6.1750000E+001, 5.0361637E+002, 1.8942783E-001, 8.9490940E-003, 1.4588574E-004, 1.3672128E-004, 2.1851368E-002, 1.4588574E-004, 7.7934321E-001, 0.0000000E+000
 6.2250000E+001, 5.0015502E+002, 1.8970946E-001, 8.8267839E-003, 1.3915997E-004, 1.2789286E-004, 2.1600578E-002, 1.3915997E-004, 7.7945697E-001, 0.0000000E+000
 6.2750000E+001, 4.9676654E+002, 1.8998624E-001, 8.7058809E-003, 1.3354430E-004, 1.1984101E-004, 2.1353695E-002, 1.3354430E-004, 7.7956725E-001, 0.0000000E+000
 6.3250000E+001, 4.9345844E+002, 1.9025612E-001, 8.5877254E-003, 1.2841794E-004, 1.1243085E-004, 2.1112780E-002, 1.2841794E-004, 7.7967410E-001, 0.0000000E+000
 6.3750000E+001, 4.9023171E+002, 1.9051992E-001, 8.4724619E-003, 1.2300721E-004, 1.0549405E-004, 2.0877353E-002, 1.2300721E-004, 7.7977876E-001, 0.0000000E+000
 6.4250000E+001, 4.8709363E+002, 1.9077828E-001, 8.3600201E-003, 1.1699826E-004, 9.8789260E-005, 2.0646965E-002, 1.1699826E-004, 7.7988195E-001, 0.0000000E+000
 6.4750000E+001, 4.8398616E+002, 1.9103461E-001, 8.2486107E-003, 1.1078668E-004, 9.2278420E-005, 2.0418435E-002, 1.1078668E-004, 7.7998449E-001, 0.0000000E+000
 6.5250000E+001, 4.8095637E+002, 1.9128431E-001, 8.1403079E-003, 1.0435728E-004, 8.6151541E-005, 2.0195889E-002, 1.0435728E-004, 7.8008463E-001, 0.0000000E+000
 6.5750000E+001, 4.7801348E+002, 1.9152268E-001, 8.0371689E-003, 9.7798983E-005, 8.0491789E-005, 1.9983522E-002, 9.7798983E-005, 7.8018054E-001, 0.0000000E+000
 6.6250000E+001, 4.7521353E+002, 1.9174656E-001, 7.9405866E-003, 9.1152230E-005, 7.5422442E-005, 1.9784152E-002, 9.1152230E-005, 7.8027097E-001, 0.0000000E+000
 6.6750000E+001, 4.7250991E+002, 1.9196464E-001, 7.8462014E-003, 8.5097528E-005, 7.0885214E-005, 1.9589754E-002, 8.5097528E-005, 7.8035832E-001, 0.0000000E+000
 6.7250000E+001, 4.6984549E+002, 1.9218032E-001, 7.7523724E-003, 7.9785396E-005, 6.6930652E-005, 1.9397200E-002, 7.9785396E-005, 7.8044361E-001, 0.0000000E+000
 6.7750000E+001, 4.6721076E+002, 1.9239544E-001, 7.6582923E-003, 7.5149534E-005, 6.3672756E-005, 1.9204814E-002, 7.5149534E-005, 7.8052748E-001, 0.0000000E+000
 6.8250000E+001, 4.6455989E+002, 1.9261394E-001, 7.5623143E-003, 7.1005665E-005, 6.0977984E-005, 1.9009125E-002, 7.1005665E-005, 7.8061163E-001, 0.0000000E+000
 6.8750000E+001, 4.6199875E+002, 1.9282392E-001, 7.4699538E-003, 6.7157664E-005, 5.8796223E-005, 1.8820949E-002, 6.7157664E-005, 7.8069206E-001, 0.0000000E+000
 6.9250000E+001, 4.5955168E+002, 1.9302284E-001, 7.3824142E-003, 6.3551358E-005, 5.6920004E-005, 1.8642635E-002, 6.3551358E-005, 7.8076808E-001, 0.0000000E+000
 6.9750000E+001, 4.5721539E+002, 1.9320977E-001, 7.2999147E-003, 6.0535379E-005, 5.5181492E-005, 1.8474967E-002, 6.0535379E-005, 7.8083910E-001, 0.0000000E+000
 7.0250000E+001, 4.5499491E+002, 1.9338449E-001, 7.2226558E-003, 5.7966105E-005, 5.3377341E-005, 1.8318204E-002, 5.7966105E-005, 7.8090534E-001, 0.0000000E+000
 7.0750000E+001, 4.5288967E+002, 1.9354774E-001, 7.1503829E-003, 5.5741262E-005, 5.1422861E-005, 1.8171735E-002, 5.5741262E-005, 7.8096724E-001, 0.0000000E+000
 7.1250000E+001, 4.5091100E+002, 1.9369851E-001, 7.0836329E-003, 5.3735739E-005, 4.9279267E-005, 1.8036510E-002, 5.3735739E-005, 7.8102460E-001, 0.0000000E+000
 7.1750000E+001, 4.4898389E+002, 1.9384702E-001, 7.0177832E-003, 5.1962410E-005, 4.6892037E-005, 1.7903313E-002, 5.1962410E-005, 7.8108107E-001, 0.0000000E+000
 7.2250000E+001, 4.4705316E+002, 1.9399714E-001, 6.9510237E-003, 5.0476154E-005, 4.4462224E-005, 1.7768585E-002, 5.0476154E-005, 7.8113784E-001, 0.0000000E+000
 7.2750000E+001, 4.4513617E+002, 1.9414963E-001, 6.8829930E-003, 4.9303591E-005, 4.1976319E-005, 1.7631631E-002, 4.9303591E-005, 7.8119516E-001, 0.0000000E+000
 7.3250000E+001, 4.4320541E+002, 1.9431072E-001, 6.8108256E-003, 4.8505021E-005, 3.9530629E-005, 1.7486791E-002, 4.8505021E-005, 7.8125512E-001, 0.0000000E+000
 7.3750000E+001, 4.4138087E+002, 1.9446641E-001, 6.7409592E-003, 4.7942881E-005, 3.7032562E-005, 1.7346778E-002, 4.7942881E-005, 7.8131293E-001, 0.0000000E+000
 7.4250000E+001, 4.3965381E+002, 1.9461436E-001, 6.6746222E-003, 4.7352948E-005, 3.4423981E-005, 1.7213784E-002, 4.7352948E-005, 7.8136810E-001, 0.0000000E+000
 7.4750000E+001, 4.3799048E+002, 1.9475722E-001, 6.6107148E-003, 4.6627300E-005, 3.1404902E-005, 1.7085506E-002, 4.6627300E-005, 7.8142190E-001, 0.0000000E+000
 7.5250000E+001, 4.3636292E+002, 1.9489609E-001, 6.5488637E-003, 4.5560709E-005, 2.8062486E-005, 1.6960996E-002, 4.5560709E-005, 7.8147486E-001, 0.0000000E+000
 7.5750000E+001, 4.3476469E+002, 1.9502925E-001, 6.4900112E-003, 4.3897163E-005, 2.4412617E-005, 1.6841881E-002, 4.3897163E-005, 7.8152665E-001, 0.0000000E+000
 7.6250000E+001, 4.3319183E+002, 1.9515843E-001, 6.4334883E-003, 4.1437948E-005, 2.0564568E-005, 1.6726627E-002, 4.1437948E-005, 7.8157802E-001, 0.0000000E+000
 7.6750000E+001, 4.3164485E+002, 1.9528040E-001, 6.3811086E-003, 3.7561296E-005, 1.7032931E-005, 1.6618235E-002, 3.7561296E-005, 7.8162811E-001, 0.0000000E+000
 7.7250000E+001, 4.3010752E+002, 1.9539797E-001, 6.3312034E-003, 3.2838275E-005, 1.4110217E-005, 1.6513941E-002, 3.2838275E-005, 7.8167710E-001, 0.0000000E+000
 7.7750000E+001, 4.2857568E+002, 1.9551341E-001, 6.2821891E-003, 2.8144299E-005, 1.1814425E-005, 1.6411452E-002, 2.8144299E-005, 7.8172485E-001, 0.0000000E+000
 7.8250000E+001, 4.2708756E+002, 1.9562549E-001, 6.2341524E-003, 2.4213755E-005, 1.0027237E-005, 1.6311670E-002, 2.4213755E-005, 7.8177023E-001, 0.0000000E+000
 7.8750000E+001, 4.2562732E+002, 1.9573718E-001, 6.1857963E-003, 2.1004917E-005, 8.6237846E-006, 1.6211965E-002, 2.1004917E-005, 7.8181443E-001, 0.0000000E+000
 7.9250000E+001, 4.2421521E+002, 1.9584698E-001, 6.1378949E-003, 1.8377726E-005, 7.4620662E-006, 1.6113743E-002, 1.8377726E-005, 7.8185716E-001, 0.0000000E+000
 7.9750000E+001, 4.2278133E+002, 1.9595977E-001, 6.0882845E-003, 1.6283995E-005, 6.4847214E-006, 1.6012639E-002, 1.6283995E-005, 7.8190025E-001, 0.0000000E+000
 8.0250000E+001, 4.2133096E+002, 1.9607327E-001, 6.0382100E-003, 1.4386054E-005, 5.6596528E-006, 1.5910802E-002, 1.4386054E-005, 7.8194328E-001, 0.0000000E+000
 8.0750000E+001, 4.1985753E+002, 1.9618980E-001, 5.9866711E-003, 1.2623727E-005, 4.9337036E-006, 1.5806177E-002, 1.2623727E-005, 7.8198717E-001, 0.0000000E+000
 8.1250000E+001, 4.1837746E+002, 1.9630706E-001, 5.9346202E-003, 1.1126376E-005, 4.2671077E-006, 1.5700792E-002, 1.1126376E-005, 7.8203100E-001, 0.0000000E+000
 8.1750000E+001, 4.1692042E+002, 1.9642358E-001, 5.8827338E-003, 9.8972423E-006, 3.6367428E-006, 1.5596001E-002, 9.8972423E-006, 7.8207425E-001, 0.0000000E+000
 8.2250000E+001, 4.1549539E+002, 1.9653780E-001, 5.8318005E-003, 8.7936021E-006, 3.0417827E-006, 1.5493237E-002, 8.7936021E-006, 7.8211653E-001, 0.0000000E+000
 8.2750000E+001, 4.1410107E+002, 1.9665077E-001, 5.7813418E-003, 7.8371473E-006, 2.4642522E-006, 1.5391567E-002, 7.8371473E-006, 7.8215818E-001, 0.0000000E+000
 8.3250000E+001, 4.1272070E+002, 1.9676330E-001, 5.7309674E-003, 7.0504002E-006, 1.9156009E-006, 1.5290233E-002, 7.0504002E-006, 7.8219948E-001, 0.0000000E+000
 8.3750000E+001, 4.1137003E+002, 1.9687361E-001, 5.6815866E-003, 6.2719676E-006, 1.4432881E-006, 1.5190891E-002, 6.2719676E-006, 7.8223993E-001, 0.0000000E+000
 8.4250000E+001, 4.1005796E+002, 1.9698238E-001, 5.6330067E-003, 5.3122351E-006, 1.0723708E-006, 1.5092967E-002, 5.3122351E-006, 7.8227995E-001, 0.0000000E+000
 8.4750000E+001, 4.0881120E+002, 1.9708569E-001, 5.5870229E-003, 4.1491687E-006, 7.8948428E-007, 1.5000023E-002, 4.1491687E-006, 7.8231818E-001, 0.0000000E+000
 8.5250000E+001, 4.0761199E+002, 1.9718524E-001, 5.5426696E-003, 3.0853029E-006, 5.7677071E-007, 1.4910432E-002, 3.0853029E-006, 7.8235491E-001, 0.0000000E+000
 8.5750000E+001, 4.0643104E+002, 1.9728278E-001, 5.4990673E-003, 2.2604719E-006, 4.1903047E-007, 1.4822577E-002, 2.2604719E-006, 7.8239064E-001, 0.0000000E+000
 8.6250000E+001, 4.0527534E+002, 1.9737962E-001, 5.4556234E-003, 1.6736734E-006, 3.0755921E-007, 1.4735274E-002, 1.6736734E-006, 7.8242583E-001, 0.0000000E+000
 8.6750000E+001, 4.0414333E+002, 1.9747689E-001, 5.4118735E-003, 1.2562350E-006, 2.2995048E-007, 1.4647529E-002, 1.2562350E-006, 7.8246097E-001, 0.0000000E+000
 8.7250000E+001, 4.0304953E+002, 1.9757251E-001, 5.3687851E-003, 9.6740114E-007, 1.7746758E-007, 1.4561231E-002, 9.6740114E-007, 7.8249536E-001, 0.0000000E+000
 8.7750000E+001, 4.0199586E+002, 1.9766624E-001, 5.3264920E-003, 7.6915816E-007, 1.4104421E-007, 1.4476611E-002, 7.6915816E-007, 7.8252897E-001, 0.0000000E+000
 8.8250000E+001, 4.0097637E+002, 1.9775837E-001, 5.2848864E-003, 6.3072973E-007, 1.1520097E-007, 1.4393422E-002, 6.3072973E-007, 7.8256194E-001, 0.0000000E+000
 8.8750000E+001, 4.0001059E+002, 1.9784638E-001, 5.2451184E-003, 5.3264434E-007, 9.6549780E-008, 1.4313942E-002, 5.3264434E-007, 7.8259340E-001, 0.0000000E+000
 8.9250000E+001, 3.9909786E+002, 1.9792810E-001, 5.2081763E-003, 4.6281998E-007, 8.2482795E-008, 1.4240130E-002, 4.6281998E-007, 7.8262258E-001, 0.0000000E+000
 8.9750000E+001, 3.9822289E+002, 1.9800468E-001, 5.1735533E-003, 4.0730473E-007, 7.1156841E-008, 1.4170963E-002, 4.0730473E-007, 7.8264992E-001, 0.0000000E+000
 9.0250000E+001, 3.9735813E+002, 1.9807876E-001, 5.1400555E-003, 3.6353948E-007, 6.2143303E-008, 1.4104052E-002, 3.6353948E-007, 7.8267635E-001, 0.0000000E+000
 9.0750000E+001, 3.9649479E+002, 1.9815230E-001, 5.1067943E-003, 3.2565509E-007, 5.4489689E-008, 1.4037620E-002, 3.2565509E-007, 7.8270258E-001, 0.0000000E+000
 9.1250000E+001, 3.9561656E+002, 1.9822722E-001, 5.0729052E-003, 2.9289599E-007, 4.8148348E-008, 1.3969940E-002, 2.9289599E-007, 7.8272930E-001, 0.0000000E+000
 9.1750000E+001, 3.9473672E+002, 1.9830358E-001, 5.0383656E-003, 2.6302821E-007, 4.2669602E-008, 1.3900964E-002, 2.6302821E-007, 7.8275652E-001, 0.0000000E+000
 9.2250000E+001, 3.9386037E+002, 1.9838169E-001, 5.0030290E-003, 2.3660195E-007, 3.8041781E-008, 1.3830400E-002, 2.3660195E-007, 7.8278437E-001, 0.0000000E+000
 9.2750000E+001, 3.9300678E+002, 1.9845930E-001, 4.9679180E-003, 2.1250215E-007, 3.3890516E-008, 1.3760289E-002, 2.1250215E-007, 7.8281203E-001, 0.0000000E+000
 9.3250000E+001, 3.9217124E+002, 1.9853629E-001, 4.9330845E-003, 1.9377065E-007, 3.0530398E-008, 1.3690737E-002, 1.9377065E-007, 7.8283947E-001, 0.0000000E+000
 9.3750000E+001, 3.9135917E+002, 1.9861217E-001, 4.8987533E-003, 1.7872547E-007, 2.7485887E-008, 1.3622192E-002, 1.7872547E-007, 7.8286650E-001, 0.0000000E+000
 9.4250000E+001, 3.9056526E+002, 1.9868697E-001, 4.8649076E-003, 1.6633825E-007, 2.4712291E-008, 1.3554618E-002, 1.6633825E-007, 7.8289315E-001, 0.0000000E+000
 9.4750000E+001, 3.8978122E+002, 1.9876013E-001, 4.8318015E-003, 1.5416057E-007, 2.2149716E-008, 1.3488521E-002, 1.5416057E-007, 7.8291922E-001, 0.0000000E+000
 9.5250000E+001, 3.8901498E+002, 1.9882928E-001, 4.8005138E-003, 1.3983855E-007, 1.9583659E-008, 1.3426052E-002, 1.3983855E-007, 7.8294386E-001, 0.0000000E+000
 9.5750000E+001, 3.8827084E+002, 1.9889475E-001, 4.7708904E-003, 1.2305043E-007, 1.7108488E-008, 1.3366902E-002, 1.2305043E-007, 7.8296719E-001, 0.0000000E+000
 9.6250000E+001, 3.8755062E+002, 1.9895762E-001, 4.7424460E-003, 1.0546775E-007, 1.4730674E-008, 1.3310105E-002, 1.0546775E-007, 7.8298960E-001, 0.0000000E+000
 9.6750000E+001, 3.8684580E+002, 1.9901920E-001, 4.7145872E-003, 8.8894952E-008, 1.2646620E-008, 1.3254478E-002, 8.8894952E-008, 7.8301154E-001, 0.0000000E+000
 9.7250000E+001, 3.8618267E+002, 1.9907664E-001, 4.6885983E-003, 7.5276418E-008, 1.1031783E-008, 1.3202587E-002, 7.5276418E-008, 7.8303201E-001, 0.0000000E+000
 9.7750000E+001, 3.8555063E+002, 1.9913117E-001, 4.6639238E-003, 6.5644648E-008, 9.8780134E-009, 1.3153323E-002, 6.5644648E-008, 7.8305144E-001, 0.0000000E+000
 9.8250000E+001, 3.8492581E+002, 1.9918438E-001, 4.6398477E-003, 5.9344584E-008, 9.1274526E-009, 1.3105257E-002, 5.9344584E-008, 7.8307039E-001, 0.0000000E+000
 9.8750000E+001, 3.8431584E+002, 1.9923715E-001, 4.6159656E-003, 5.5177509E-008, 8.6078502E-009, 1.3057581E-002, 5.5177509E-008, 7.8308919E-001, 0.0000000E+000
 9.9250000E+001, 3.8369572E+002, 1.9928962E-001, 4.5922199E-003, 5.2311406E-008, 8.2106332E-009, 1.3010178E-002, 5.2311406E-008, 7.8310787E-001, 0.0000000E+000
 9.9750000E+001, 3.8311182E+002, 1.9933871E-001, 4.5700034E-003, 5.0028709E-008, 7.8037253E-009, 1.2965828E-002, 5.0028709E-008, 7.8312535E-001, 0.0000000E+000
