cm,K,mol/mol,mol/mol,mol/mol,mol/mol,mol/mol,mol/mol,mol/mol,kg/kg
z,T_CL,X_O2,X_CO2,X_CO,X_FUEL,X_H2O,X_H2,X_N2,Y_Soot
 2.5000000E-001, 7.3570313E+002, 3.6470810E-003, 2.6980309E-002, 3.0767590E-002, 4.8951633E-001, 8.6349974E-002, 3.0767590E-002, 3.3197113E-001, 0.0000000E+000
 7.5000000E-001, 8.9682477E+002, 1.4231194E-002, 3.6976657E-002, 3.0865360E-002, 3.3286159E-001, 1.0700335E-001, 3.0865360E-002, 4.4719649E-001, 0.0000000E+000
 1.2500000E+000, 9.6369116E+002, 2.0161214E-002, 4.1401709E-002, 3.0496028E-002, 2.6036757E-001, 1.1574857E-001, 3.0496028E-002, 5.0132889E-001, 0.0000000E+000
 1.7500000E+000, 1.0049637E+003, 2.2440105E-002, 4.4338633E-002, 3.0186807E-002, 2.2059839E-001, 1.2145713E-001, 3.0186807E-002, 5.3079212E-001, 0.0000000E+000
 2.2500000E+000, 1.0306296E+003, 2.3941742E-002, 4.6106692E-002, 3.0077515E-002, 1.9551684E-001, 1.2497440E-001, 3.0077515E-002, 5.4930530E-001, 0.0000000E+000
 2.7500000E+000, 1.0492049E+003, 2.5171725E-002, 4.7332581E-002, 2.9916002E-002, 1.7780574E-001, 1.2732926E-001, 2.9916002E-002, 5.6252869E-001, 0.0000000E+000
 3.2500000E+000, 1.0642355E+003, 2.6173507E-002, 4.8286390E-002, 2.9762850E-002, 1.6399790E-001, 1.2913431E-001, 2.9762850E-002, 5.7288220E-001, 0.0000000E+000
 3.7500000E+000, 1.0761504E+003, 2.7297962E-002, 4.8956761E-002, 2.9618878E-002, 1.5253225E-001, 1.3037367E-001, 2.9618878E-002, 5.8160160E-001, 0.0000000E+000
 4.2500000E+000, 1.0865660E+003, 2.8465916E-002, 4.9522273E-002, 2.9423916E-002, 1.4231055E-001, 1.3134835E-001, 2.9423916E-002, 5.8950508E-001, 0.0000000E+000
 4.7500000E+000, 1.0973584E+003, 2.9473860E-002, 5.0183024E-002, 2.9085243E-002, 1.3282174E-001, 1.3236771E-001, 2.9085243E-002, 5.9698318E-001, 0.0000000E+000
 5.2500000E+000, 1.1060920E+003, 3.0814981E-002, 5.0703579E-002, 2.8606543E-002, 1.2416973E-001, 1.3296505E-001, 2.8606543E-002, 6.0413357E-001, 0.0000000E+000
 5.7500000E+000, 1.1140738E+003, 3.2207428E-002, 5.1108697E-002, 2.8172349E-002, 1.1618894E-001, 1.3337355E-001, 2.8172349E-002, 6.1077669E-001, 0.0000000E+000
 6.2500000E+000, 1.1215589E+003, 3.3576100E-002, 5.1472022E-002, 2.7724723E-002, 1.0885357E-001, 1.3368281E-001, 2.7724723E-002, 6.1696605E-001, 0.0000000E+000
 6.7500000E+000, 1.1277952E+003, 3.5114592E-002, 5.1777353E-002, 2.7150631E-002, 1.0217592E-001, 1.3374828E-001, 2.7150631E-002, 6.2288259E-001, 0.0000000E+000
 7.2500000E+000, 1.1318428E+003, 3.6910583E-002, 5.1901090E-002, 2.6579696E-002, 9.6163132E-002, 1.3345184E-001, 2.6579696E-002, 6.2841396E-001, 0.0000000E+000
 7.7500000E+000, 1.1362624E+003, 3.8611470E-002, 5.2021417E-002, 2.6028433E-002, 9.0507124E-002, 1.3316675E-001, 2.6028433E-002, 6.3363638E-001, 0.0000000E+000
 8.2500000E+000, 1.1405472E+003, 4.0324062E-002, 5.2118407E-002, 2.5467990E-002, 8.5103614E-002, 1.3282499E-001, 2.5467990E-002, 6.3869295E-001, 0.0000000E+000
 8.7500000E+000, 1.1440536E+003, 4.2237390E-002, 5.2136541E-002, 2.4842835E-002, 8.0011945E-002, 1.3226040E-001, 2.4842835E-002, 6.4366805E-001, 0.0000000E+000
 9.2500000E+000, 1.1463933E+003, 4.4381211E-002, 5.2035895E-002, 2.4186917E-002, 7.5281202E-002, 1.3142680E-001, 2.4186917E-002, 6.4850105E-001, 0.0000000E+000
 9.7500000E+000, 1.1480150E+003, 4.6617468E-002, 5.1890778E-002, 2.3480915E-002, 7.0917553E-002, 1.3045332E-001, 2.3480915E-002, 6.5315905E-001, 0.0000000E+000
 1.0250000E+001, 1.1481847E+003, 4.8988006E-002, 5.1610853E-002, 2.2833793E-002, 6.6936013E-002, 1.2926770E-001, 2.2833793E-002, 6.5752984E-001, 0.0000000E+000
 1.0750000E+001, 1.1480753E+003, 5.1361014E-002, 5.1288976E-002, 2.2210023E-002, 6.3227040E-002, 1.2802047E-001, 2.2210023E-002, 6.6168246E-001, 0.0000000E+000
 1.1250000E+001, 1.1477206E+003, 5.3671528E-002, 5.0955105E-002, 2.1611360E-002, 5.9772893E-002, 1.2677322E-001, 2.1611360E-002, 6.6560453E-001, 0.0000000E+000
 1.1750000E+001, 1.1474954E+003, 5.5751836E-002, 5.0672342E-002, 2.1059090E-002, 5.6564468E-002, 1.2567309E-001, 2.1059090E-002, 6.6922009E-001, 0.0000000E+000
 1.2250000E+001, 1.1470864E+003, 5.7775335E-002, 5.0387734E-002, 2.0517005E-002, 5.3577745E-002, 1.2457853E-001, 2.0517005E-002, 6.7264665E-001, 0.0000000E+000
 1.2750000E+001, 1.1463476E+003, 5.9744402E-002, 5.0121660E-002, 1.9954258E-002, 5.0795375E-002, 1.2349967E-001, 1.9954258E-002, 6.7593037E-001, 0.0000000E+000
 1.3250000E+001, 1.1453001E+003, 6.1705001E-002, 4.9853423E-002, 1.9372316E-002, 4.8206301E-002, 1.2239671E-001, 1.9372316E-002, 6.7909393E-001, 0.0000000E+000
 1.3750000E+001, 1.1438884E+003, 6.3652705E-002, 4.9570919E-002, 1.8801261E-002, 4.5755552E-002, 1.2127554E-001, 1.8801261E-002, 6.8214276E-001, 0.0000000E+000
 1.4250000E+001, 1.1421253E+003, 6.5599538E-002, 4.9272969E-002, 1.8232169E-002, 4.3458606E-002, 1.2012490E-001, 1.8232169E-002, 6.8507965E-001, 0.0000000E+000
 1.4750000E+001, 1.1401459E+003, 6.7618634E-002, 4.8945238E-002, 1.7652671E-002, 4.1201289E-002, 1.1890433E-001, 1.7652671E-002, 6.8802517E-001, 0.0000000E+000
 1.5250000E+001, 1.1375683E+003, 6.9614385E-002, 4.8589921E-002, 1.7100865E-002, 3.9158855E-002, 1.1765535E-001, 1.7100865E-002, 6.9077976E-001, 0.0000000E+000
 1.5750000E+001, 1.1348889E+003, 7.1706426E-002, 4.8189988E-002, 1.6547275E-002, 3.7139431E-002, 1.1631544E-001, 1.6547275E-002, 6.9355416E-001, 0.0000000E+000
 1.6250000E+001, 1.1319250E+003, 7.3857108E-002, 4.7753972E-002, 1.6004507E-002, 3.5147343E-002, 1.1491415E-001, 1.6004507E-002, 6.9631842E-001, 0.0000000E+000
 1.6750000E+001, 1.1287585E+003, 7.6043906E-002, 4.7303973E-002, 1.5450857E-002, 3.3204046E-002, 1.1347395E-001, 1.5450857E-002, 6.9907241E-001, 0.0000000E+000
 1.7250000E+001, 1.1252243E+003, 7.8252696E-002, 4.6855723E-002, 1.4867826E-002, 3.1336349E-002, 1.1200780E-001, 1.4867826E-002, 7.0181178E-001, 0.0000000E+000
 1.7750000E+001, 1.1211032E+003, 8.0512503E-002, 4.6371661E-002, 1.4292293E-002, 2.9552056E-002, 1.1047729E-001, 1.4292293E-002, 7.0450191E-001, 0.0000000E+000
 1.8250000E+001, 1.1166456E+003, 8.2819871E-002, 4.5855760E-002, 1.3721543E-002, 2.7844137E-002, 1.0888767E-001, 1.3721543E-002, 7.0714947E-001, 0.0000000E+000
 1.8750000E+001, 1.1118420E+003, 8.5157737E-002, 4.5324983E-002, 1.3140202E-002, 2.6219302E-002, 1.0725753E-001, 1.3140202E-002, 7.0976004E-001, 0.0000000E+000
 1.9250000E+001, 1.1064410E+003, 8.7527485E-002, 4.4769635E-002, 1.2561329E-002, 2.4684732E-002, 1.0558044E-001, 1.2561329E-002, 7.1231505E-001, 0.0000000E+000
 1.9750000E+001, 1.1007513E+003, 8.9898911E-002, 4.4194924E-002, 1.1999531E-002, 2.3230722E-002, 1.0388134E-001, 1.1999531E-002, 7.1479504E-001, 0.0000000E+000
 2.0250000E+001, 1.0948584E+003, 9.2254443E-002, 4.3614493E-002, 1.1446793E-002, 2.1851585E-002, 1.0217952E-001, 1.1446793E-002, 7.1720637E-001, 0.0000000E+000
 2.0750000E+001, 1.0888856E+003, 9.4563912E-002, 4.3034939E-002, 1.0914468E-002, 2.0544832E-002, 1.0049943E-001, 1.0914468E-002, 7.1952795E-001, 0.0000000E+000
 2.1250000E+001, 1.0829594E+003, 9.6799539E-002, 4.2465208E-002, 1.0408449E-002, 1.9308817E-002, 9.8864775E-002, 1.0408449E-002, 7.2174476E-001, 0.0000000E+000
 2.1750000E+001, 1.0767906E+003, 9.9014664E-002, 4.1884245E-002, 9.9222520E-003, 1.8154895E-002, 9.7227057E-002, 9.9222520E-003, 7.2387464E-001, 0.0000000E+000
 2.2250000E+001, 1.0701522E+003, 1.0124682E-001, 4.1273450E-002, 9.4572720E-003, 1.7090606E-002, 9.5550500E-002, 9.4572720E-003, 7.2592408E-001, 0.0000000E+000
 2.2750000E+001, 1.0631132E+003, 1.0349523E-001, 4.0632793E-002, 9.0153869E-003, 1.6107276E-002, 9.3836940E-002, 9.0153869E-003, 7.2789698E-001, 0.0000000E+000
 2.3250000E+001, 1.0557663E+003, 1.0574266E-001, 3.9975467E-002, 8.5899901E-003, 1.5192814E-002, 9.2106202E-002, 8.5899901E-003, 7.2980288E-001, 0.0000000E+000
 2.3750000E+001, 1.0481178E+003, 1.0799387E-001, 3.9293612E-002, 8.1917517E-003, 1.4335044E-002, 9.0353232E-002, 8.1917517E-003, 7.3164074E-001, 0.0000000E+000
 2.4250000E+001, 1.0402099E+003, 1.1023064E-001, 3.8598328E-002, 7.8173065E-003, 1.3526703E-002, 8.8596874E-002, 7.8173065E-003, 7.3341284E-001, 0.0000000E+000
 2.4750000E+001, 1.0323333E+003, 1.1238545E-001, 3.7923696E-002, 7.4613062E-003, 1.2766887E-002, 8.6899861E-002, 7.4613062E-003, 7.3510149E-001, 0.0000000E+000
 2.5250000E+001, 1.0244907E+003, 1.1446939E-001, 3.7269887E-002, 7.1160156E-003, 1.2053243E-002, 8.5254861E-002, 7.1160156E-003, 7.3672059E-001, 0.0000000E+000
 2.5750000E+001, 1.0165779E+003, 1.1649435E-001, 3.6627836E-002, 6.7865859E-003, 1.1389663E-002, 8.3648879E-002, 6.7865859E-003, 7.3826610E-001, 0.0000000E+000
 2.6250000E+001, 1.0085917E+003, 1.1844507E-001, 3.6000642E-002, 6.4792676E-003, 1.0774051E-002, 8.2094313E-002, 6.4792676E-003, 7.3972739E-001, 0.0000000E+000
 2.6750000E+001, 1.0006390E+003, 1.2032068E-001, 3.5390509E-002, 6.1922464E-003, 1.0199579E-002, 8.0593785E-002, 6.1922464E-003, 7.4111095E-001, 0.0000000E+000
 2.7250000E+001, 9.9284979E+002, 1.2211165E-001, 3.4802492E-002, 5.9254655E-003, 9.6588371E-003, 7.9157359E-002, 5.9254655E-003, 7.4241873E-001, 0.0000000E+000
 2.7750000E+001, 9.8511658E+002, 1.2385220E-001, 3.4224356E-002, 5.6747793E-003, 9.1455324E-003, 7.7756521E-002, 5.6747793E-003, 7.4367183E-001, 0.0000000E+000
 2.8250000E+001, 9.7741517E+002, 1.2554617E-001, 3.3658983E-002, 5.4332424E-003, 8.6580032E-003, 7.6390141E-002, 5.4332424E-003, 7.4488022E-001, 0.0000000E+000
 2.8750000E+001, 9.6972458E+002, 1.2719499E-001, 3.3109001E-002, 5.1959514E-003, 8.1949341E-003, 7.5058605E-002, 5.1959514E-003, 7.4605057E-001, 0.0000000E+000
 2.9250000E+001, 9.6200477E+002, 1.2880224E-001, 3.2573903E-002, 4.9609649E-003, 7.7576978E-003, 7.3758965E-002, 4.9609649E-003, 7.4718526E-001, 0.0000000E+000
 2.9750000E+001, 9.5406325E+002, 1.3039912E-001, 3.2037531E-002, 4.7320528E-003, 7.3422788E-003, 7.2462726E-002, 4.7320528E-003, 7.4829423E-001, 0.0000000E+000
 3.0250000E+001, 9.4597555E+002, 1.3197980E-001, 3.1498058E-002, 4.5164127E-003, 6.9470195E-003, 7.1173390E-002, 4.5164127E-003, 7.4936890E-001, 0.0000000E+000
 3.0750000E+001, 9.3779040E+002, 1.3354335E-001, 3.0954890E-002, 4.3158315E-003, 6.5704881E-003, 6.9891551E-002, 4.3158315E-003, 7.5040805E-001, 0.0000000E+000
 3.1250000E+001, 9.2949630E+002, 1.3508462E-001, 3.0412280E-002, 4.1271625E-003, 6.2137721E-003, 6.8622568E-002, 4.1271625E-003, 7.5141243E-001, 0.0000000E+000
 3.1750000E+001, 9.2103793E+002, 1.3660616E-001, 2.9871486E-002, 3.9469083E-003, 5.8750918E-003, 6.7365491E-002, 3.9469083E-003, 7.5238795E-001, 0.0000000E+000
 3.2250000E+001, 9.1246712E+002, 1.3810553E-001, 2.9333704E-002, 3.7750506E-003, 5.5536055E-003, 6.6122693E-002, 3.7750506E-003, 7.5333436E-001, 0.0000000E+000
 3.2750000E+001, 9.0386242E+002, 1.3956919E-001, 2.8808188E-002, 3.6066374E-003, 5.2499156E-003, 6.4907729E-002, 3.6066374E-003, 7.5425171E-001, 0.0000000E+000
 3.3250000E+001, 8.9525697E+002, 1.4100160E-001, 2.8293328E-002, 3.4410401E-003, 4.9638809E-003, 6.3716762E-002, 3.4410401E-003, 7.5514234E-001, 0.0000000E+000
 3.3750000E+001, 8.8677103E+002, 1.4240222E-001, 2.7789907E-002, 3.2782113E-003, 4.6902444E-003, 6.2551330E-002, 3.2782113E-003, 7.5600987E-001, 0.0000000E+000
 3.4250000E+001, 8.7835466E+002, 1.4377761E-001, 2.7291307E-002, 3.1234951E-003, 4.4312717E-003, 6.1403516E-002, 3.1234951E-003, 7.5684931E-001, 0.0000000E+000
 3.4750000E+001, 8.7007197E+002, 1.4513200E-001, 2.6796858E-002, 2.9760132E-003, 4.1797580E-003, 6.0271135E-002, 2.9760132E-003, 7.5766823E-001, 0.0000000E+000
 3.5250000E+001, 8.6164100E+002, 1.4644561E-001, 2.6312328E-002, 2.8381429E-003, 3.9531787E-003, 5.9167997E-002, 2.8381429E-003, 7.5844460E-001, 0.0000000E+000
 3.5750000E+001, 8.5345686E+002, 1.4773277E-001, 2.5837162E-002, 2.7026820E-003, 3.7377677E-003, 5.8085901E-002, 2.7026820E-003, 7.5920103E-001, 0.0000000E+000
 3.6250000E+001, 8.4542998E+002, 1.4898527E-001, 2.5371433E-002, 2.5748967E-003, 3.5363491E-003, 5.7030204E-002, 2.5748967E-003, 7.5992695E-001, 0.0000000E+000
 3.6750000E+001, 8.3748193E+002, 1.5020544E-001, 2.4912677E-002, 2.4576209E-003, 3.3444670E-003, 5.5998818E-002, 2.4576209E-003, 7.6062335E-001, 0.0000000E+000
 3.7250000E+001, 8.2961217E+002, 1.5139467E-001, 2.4460447E-002, 2.3507636E-003, 3.1609531E-003, 5.4990765E-002, 2.3507636E-003, 7.6129164E-001, 0.0000000E+000
 3.7750000E+001, 8.2190935E+002, 1.5254083E-001, 2.4022268E-002, 2.2512368E-003, 2.9851411E-003, 5.4018006E-002, 2.2512368E-003, 7.6193128E-001, 0.0000000E+000
 3.8250000E+001, 8.1441683E+002, 1.5364188E-001, 2.3600868E-002, 2.1565516E-003, 2.8149461E-003, 5.3083521E-002, 2.1565516E-003, 7.6254568E-001, 0.0000000E+000
 3.8750000E+001, 8.0705625E+002, 1.5471109E-001, 2.3191980E-002, 2.0640051E-003, 2.6503094E-003, 5.2176116E-002, 2.0640051E-003, 7.6314250E-001, 0.0000000E+000
 3.9250000E+001, 7.9976566E+002, 1.5575265E-001, 2.2794434E-002, 1.9722702E-003, 2.4924898E-003, 5.1292128E-002, 1.9722702E-003, 7.6372376E-001, 0.0000000E+000
 3.9750000E+001, 7.9254211E+002, 1.5676524E-001, 2.2409107E-002, 1.8806314E-003, 2.3434841E-003, 5.0432594E-002, 1.8806314E-003, 7.6428832E-001, 0.0000000E+000
 4.0250000E+001, 7.8539915E+002, 1.5774966E-001, 2.2034180E-002, 1.7909295E-003, 2.2061307E-003, 4.9595696E-002, 1.7909295E-003, 7.6483248E-001, 0.0000000E+000
 4.0750000E+001, 7.7838548E+002, 1.5870836E-001, 2.1668880E-002, 1.7028684E-003, 2.0788899E-003, 4.8779604E-002, 1.7028684E-003, 7.6535853E-001, 0.0000000E+000
 4.1250000E+001, 7.7154555E+002, 1.5963965E-001, 2.1313850E-002, 1.6164332E-003, 1.9632067E-003, 4.7985582E-002, 1.6164332E-003, 7.6586485E-001, 0.0000000E+000
 4.1750000E+001, 7.6475604E+002, 1.6055081E-001, 2.0964136E-002, 1.5344048E-003, 1.8576570E-003, 4.7206506E-002, 1.5344048E-003, 7.6635208E-001, 0.0000000E+000
 4.2250000E+001, 7.5797856E+002, 1.6144298E-001, 2.0618716E-002, 1.4578210E-003, 1.7606134E-003, 4.6441372E-002, 1.4578210E-003, 7.6682068E-001, 0.0000000E+000
 4.2750000E+001, 7.5122923E+002, 1.6232049E-001, 2.0276853E-002, 1.3852932E-003, 1.6685890E-003, 4.5687343E-002, 1.3852932E-003, 7.6727614E-001, 0.0000000E+000
 4.3250000E+001, 7.4456035E+002, 1.6318036E-001, 1.9939995E-002, 1.3169464E-003, 1.5796341E-003, 4.4947443E-002, 1.3169464E-003, 7.6771868E-001, 0.0000000E+000
 4.3750000E+001, 7.3801301E+002, 1.6401839E-001, 1.9611062E-002, 1.2512368E-003, 1.4934602E-003, 4.4225968E-002, 1.2512368E-003, 7.6814864E-001, 0.0000000E+000
 4.4250000E+001, 7.3171872E+002, 1.6482021E-001, 1.9296889E-002, 1.1874965E-003, 1.4111869E-003, 4.3535894E-002, 1.1874965E-003, 7.6856083E-001, 0.0000000E+000
 4.4750000E+001, 7.2568455E+002, 1.6558186E-001, 1.8998105E-002, 1.1275670E-003, 1.3325493E-003, 4.2880308E-002, 1.1275670E-003, 7.6895205E-001, 0.0000000E+000
 4.5250000E+001, 7.1977547E+002, 1.6631913E-001, 1.8707049E-002, 1.0722304E-003, 1.2576315E-003, 4.2244692E-002, 1.0722304E-003, 7.6932704E-001, 0.0000000E+000
 4.5750000E+001, 7.1382972E+002, 1.6704935E-001, 1.8416928E-002, 1.0198614E-003, 1.1864340E-003, 4.1613872E-002, 1.0198614E-003, 7.6969369E-001, 0.0000000E+000
 4.6250000E+001, 7.0777277E+002, 1.6778220E-001, 1.8123389E-002, 9.7028641E-004, 1.1198226E-003, 4.0978983E-002, 9.7028641E-004, 7.7005503E-001, 0.0000000E+000
 4.6750000E+001, 7.0163325E+002, 1.6851687E-001, 1.7827442E-002, 9.2255907E-004, 1.0573927E-003, 4.0341107E-002, 9.2255907E-004, 7.7041207E-001, 0.0000000E+000
 4.7250000E+001, 6.9548347E+002, 1.6924319E-001, 1.7533965E-002, 8.7630794E-004, 9.9876073E-004, 3.9709610E-002, 8.7630794E-004, 7.7076186E-001, 0.0000000E+000
 4.7750000E+001, 6.8936058E+002, 1.6995693E-001, 1.7244301E-002, 8.3264377E-004, 9.4247246E-004, 3.9088282E-002, 8.3264377E-004, 7.7110273E-001, 0.0000000E+000
 4.8250000E+001, 6.8331068E+002, 1.7065622E-001, 1.6959441E-002, 7.9150363E-004, 8.8736611E-004, 3.8479046E-002, 7.9150363E-004, 7.7143492E-001, 0.0000000E+000
 4.8750000E+001, 6.7744521E+002, 1.7133508E-001, 1.6682610E-002, 7.5198459E-004, 8.3416804E-004, 3.7887438E-002, 7.5198459E-004, 7.7175674E-001, 0.0000000E+000
 4.9250000E+001, 6.7173569E+002, 1.7199704E-001, 1.6412611E-002, 7.1354705E-004, 7.8222264E-004, 3.7310535E-002, 7.1354705E-004, 7.7207050E-001, 0.0000000E+000
 4.9750000E+001, 6.6604135E+002, 1.7265192E-001, 1.6143685E-002, 6.7799325E-004, 7.3323433E-004, 3.6738624E-002, 6.7799325E-004, 7.7237655E-001, 0.0000000E+000
 5.0250000E+001, 6.6035763E+002, 1.7329813E-001, 1.5877094E-002, 6.4464358E-004, 6.8606976E-004, 3.6173554E-002, 6.4464358E-004, 7.7267586E-001, 0.0000000E+000
 5.0750000E+001, 6.5474848E+002, 1.7392923E-001, 1.5616357E-002, 6.1210747E-004, 6.4381505E-004, 3.5620959E-002, 6.1210747E-004, 7.7296543E-001, 0.0000000E+000
 5.1250000E+001, 6.4926776E+002, 1.7453852E-001, 1.5363551E-002, 5.8217042E-004, 6.0437600E-004, 3.5086762E-002, 5.8217042E-004, 7.7324245E-001, 0.0000000E+000
 5.1750000E+001, 6.4388603E+002, 1.7512847E-001, 1.5117269E-002, 5.5511366E-004, 5.6897929E-004, 3.4568433E-002, 5.5511366E-004, 7.7350662E-001, 0.0000000E+000
 5.2250000E+001, 6.3864343E+002, 1.7569695E-001, 1.4879717E-002, 5.2924057E-004, 5.3596396E-004, 3.4068694E-002, 5.2924057E-004, 7.7376019E-001, 0.0000000E+000
 5.2750000E+001, 6.3353140E+002, 1.7624548E-001, 1.4650046E-002, 5.0470907E-004, 5.0598259E-004, 3.3586007E-002, 5.0470907E-004, 7.7400306E-001, 0.0000000E+000
 5.3250000E+001, 6.2860008E+002, 1.7676735E-001, 1.4431067E-002, 4.8206926E-004, 4.7770827E-004, 3.3126533E-002, 4.8206926E-004, 7.7423321E-001, 0.0000000E+000
 5.3750000E+001, 6.2391099E+002, 1.7725595E-001, 1.4225873E-002, 4.6101342E-004, 4.5209447E-004, 3.2696140E-002, 4.6101342E-004, 7.7444792E-001, 0.0000000E+000
 5.4250000E+001, 6.1943537E+002, 1.7771539E-001, 1.4033018E-002, 4.4117781E-004, 4.2728283E-004, 3.2291582E-002, 4.4117781E-004, 7.7465037E-001, 0.0000000E+000
 5.4750000E+001, 6.1513176E+002, 1.7815502E-001, 1.3848965E-002, 4.2145020E-004, 4.0345970E-004, 3.1904699E-002, 4.2145020E-004, 7.7484495E-001, 0.0000000E+000
 5.5250000E+001, 6.1087296E+002, 1.7857940E-001, 1.3670983E-002, 4.0278960E-004, 3.8123113E-004, 3.1530988E-002, 4.0278960E-004, 7.7503182E-001, 0.0000000E+000
 5.5750000E+001, 6.0669766E+002, 1.7899481E-001, 1.3496487E-002, 3.8477075E-004, 3.6065571E-004, 3.1164864E-002, 3.8477075E-004, 7.7521364E-001, 0.0000000E+000
 5.6250000E+001, 6.0252394E+002, 1.7941111E-001, 1.3321244E-002, 3.6713677E-004, 3.4113315E-004, 3.0797630E-002, 3.6713677E-004, 7.7539461E-001, 0.0000000E+000
 5.6750000E+001, 5.9836388E+002, 1.7982579E-001, 1.3146222E-002, 3.4987320E-004, 3.2448351E-004, 3.0431192E-002, 3.4987320E-004, 7.7557257E-001, 0.0000000E+000
 5.7250000E+001, 5.9425927E+002, 1.8023526E-001, 1.2972631E-002, 3.3390008E-004, 3.0888277E-004, 3.0068885E-002, 3.3390008E-004, 7.7574654E-001, 0.0000000E+000
 5.7750000E+001, 5.9016270E+002, 1.8064144E-001, 1.2799246E-002, 3.1967603E-004, 2.9498360E-004, 2.9708720E-002, 3.1967603E-004, 7.7591626E-001, 0.0000000E+000
 5.8250000E+001, 5.8603202E+002, 1.8104840E-001, 1.2624804E-002, 3.0663717E-004, 2.8042653E-004, 2.9347625E-002, 3.0663717E-004, 7.7608547E-001, 0.0000000E+000
 5.8750000E+001, 5.8186385E+002, 1.8145496E-001, 1.2450103E-002, 2.9418720E-004, 2.6654510E-004, 2.8986594E-002, 2.9418720E-004, 7.7625342E-001, 0.0000000E+000
 5.9250000E+001, 5.7772579E+002, 1.8185798E-001, 1.2277191E-002, 2.8154256E-004, 2.5206498E-004, 2.8628942E-002, 2.8154256E-004, 7.7642074E-001, 0.0000000E+000
 5.9750000E+001, 5.7364703E+002, 1.8225308E-001, 1.2107689E-002, 2.6907575E-004, 2.3818251E-004, 2.8278271E-002, 2.6907575E-004, 7.7658463E-001, 0.0000000E+000
 6.0250000E+001, 5.6964874E+002, 1.8264116E-001, 1.1941013E-002, 2.5728470E-004, 2.2341706E-004, 2.7933917E-002, 2.5728470E-004, 7.7674592E-001, 0.0000000E+000
 6.0750000E+001, 5.6574442E+002, 1.8302068E-001, 1.1777701E-002, 2.4624853E-004, 2.0892689E-004, 2.7597024E-002, 2.4624853E-004, 7.7690317E-001, 0.0000000E+000
 6.1250000E+001, 5.6197058E+002, 1.8338879E-001, 1.1619463E-002, 2.3544971E-004, 1.9380388E-004, 2.7270499E-002, 2.3544971E-004, 7.7705655E-001, 0.0000000E+000
 6.1750000E+001, 5.5825879E+002, 1.8374843E-001, 1.1465035E-002, 2.2455777E-004, 1.7950167E-004, 2.6951484E-002, 2.2455777E-004, 7.7720643E-001, 0.0000000E+000
 6.2250000E+001, 5.5460445E+002, 1.8409812E-001, 1.1315562E-002, 2.1292619E-004, 1.6551903E-004, 2.6641624E-002, 2.1292619E-004, 7.7735332E-001, 0.0000000E+000
 6.2750000E+001, 5.5103694E+002, 1.8443459E-001, 1.1171906E-002, 2.0134044E-004, 1.5295288E-004, 2.6343415E-002, 2.0134044E-004, 7.7749446E-001, 0.0000000E+000
 6.3250000E+001, 5.4755863E+002, 1.8475772E-001, 1.1034095E-002, 1.8998617E-004, 1.4085302E-004, 2.6057102E-002, 1.8998617E-004, 7.7763026E-001, 0.0000000E+000
 6.3750000E+001, 5.4410491E+002, 1.8507466E-001, 1.0898824E-002, 1.7883155E-004, 1.3015961E-004, 2.5776052E-002, 1.7883155E-004, 7.7776265E-001, 0.0000000E+000
 6.4250000E+001, 5.4065158E+002, 1.8539165E-001, 1.0763592E-002, 1.6752684E-004, 1.1978840E-004, 2.5494931E-002, 1.6752684E-004, 7.7789498E-001, 0.0000000E+000
 6.4750000E+001, 5.3721588E+002, 1.8570845E-001, 1.0628349E-002, 1.5620755E-004, 1.1060554E-004, 2.5213767E-002, 1.5620755E-004, 7.7802641E-001, 0.0000000E+000
 6.5250000E+001, 5.3379277E+002, 1.8602631E-001, 1.0492631E-002, 1.4479004E-004, 1.0201841E-004, 2.4931555E-002, 1.4479004E-004, 7.7815791E-001, 0.0000000E+000
 6.5750000E+001, 5.3033173E+002, 1.8634608E-001, 1.0355022E-002, 1.3476218E-004, 9.4814667E-005, 2.4646943E-002, 1.3476218E-004, 7.7828761E-001, 0.0000000E+000
 6.6250000E+001, 5.2689505E+002, 1.8666095E-001, 1.0218538E-002, 1.2635643E-004, 8.8192558E-005, 2.4366184E-002, 1.2635643E-004, 7.7841342E-001, 0.0000000E+000
 6.6750000E+001, 5.2353671E+002, 1.8696647E-001, 1.0085529E-002, 1.1900038E-004, 8.2421468E-005, 2.4093400E-002, 1.1900038E-004, 7.7853418E-001, 0.0000000E+000
 6.7250000E+001, 5.2027566E+002, 1.8726350E-001, 9.9561111E-003, 1.1205362E-004, 7.6557969E-005, 2.3828191E-002, 1.1205362E-004, 7.7865154E-001, 0.0000000E+000
 6.7750000E+001, 5.1714558E+002, 1.8755003E-001, 9.8311658E-003, 1.0547296E-004, 7.1123947E-005, 2.3572272E-002, 1.0547296E-004, 7.7876446E-001, 0.0000000E+000
 6.8250000E+001, 5.1413316E+002, 1.8782614E-001, 9.7109218E-003, 9.8891576E-005, 6.5870394E-005, 2.3325735E-002, 9.8891576E-005, 7.7887355E-001, 0.0000000E+000
 6.8750000E+001, 5.1117196E+002, 1.8809841E-001, 9.5919317E-003, 9.2960023E-005, 6.1301654E-005, 2.3082344E-002, 9.2960023E-005, 7.7898009E-001, 0.0000000E+000
 6.9250000E+001, 5.0825788E+002, 1.8836344E-001, 9.4758213E-003, 8.7627437E-005, 5.6906409E-005, 2.2845295E-002, 8.7627437E-005, 7.7908328E-001, 0.0000000E+000
 6.9750000E+001, 5.0545589E+002, 1.8861544E-001, 9.3651269E-003, 8.2966027E-005, 5.2999841E-005, 2.2619721E-002, 8.2966027E-005, 7.7918078E-001, 0.0000000E+000
 7.0250000E+001, 5.0276995E+002, 1.8885298E-001, 9.2607671E-003, 7.8625652E-005, 4.9155586E-005, 2.2407110E-002, 7.8625652E-005, 7.7927273E-001, 0.0000000E+000
 7.0750000E+001, 5.0014875E+002, 1.8908303E-001, 9.1593599E-003, 7.4928917E-005, 4.5568723E-005, 2.2201031E-002, 7.4928917E-005, 7.7936115E-001, 0.0000000E+000
 7.1250000E+001, 4.9757884E+002, 1.8930834E-001, 9.0599077E-003, 7.1539069E-005, 4.1898946E-005, 2.1999159E-002, 7.1539069E-005, 7.7944761E-001, 0.0000000E+000
 7.1750000E+001, 4.9502906E+002, 1.8953149E-001, 8.9614446E-003, 6.8127305E-005, 3.8264055E-005, 2.1799240E-002, 6.8127305E-005, 7.7953330E-001, 0.0000000E+000
 7.2250000E+001, 4.9253328E+002, 1.8975318E-001, 8.8638992E-003, 6.4365448E-005, 3.4327012E-005, 2.1600806E-002, 6.4365448E-005, 7.7961906E-001, 0.0000000E+000
 7.2750000E+001, 4.9003183E+002, 1.8997783E-001, 8.7656521E-003, 5.9583181E-005, 3.0500747E-005, 2.1399958E-002, 5.9583181E-005, 7.7970689E-001, 0.0000000E+000
 7.3250000E+001, 4.8751013E+002, 1.9020675E-001, 8.6656982E-003, 5.4436147E-005, 2.6833362E-005, 2.1195342E-002, 5.4436147E-005, 7.7979651E-001, 0.0000000E+000
 7.3750000E+001, 4.8500875E+002, 1.9043449E-001, 8.5660495E-003, 4.9613344E-005, 2.3325105E-005, 2.0991655E-002, 4.9613344E-005, 7.7988525E-001, 0.0000000E+000
 7.4250000E+001, 4.8258542E+002, 1.9065657E-001, 8.4688561E-003, 4.4939024E-005, 1.9974454E-005, 2.0793016E-002, 4.4939024E-005, 7.7997171E-001, 0.0000000E+000
 7.4750000E+001, 4.8027474E+002, 1.9087030E-001, 8.3755048E-003, 4.0120955E-005, 1.6897617E-005, 2.0601903E-002, 4.0120955E-005, 7.8005515E-001, 0.0000000E+000
 7.5250000E+001, 4.7804943E+002, 1.9107362E-001, 8.2867343E-003, 3.5437350E-005, 1.4300912E-005, 2.0420066E-002, 3.5437350E-005, 7.8013440E-001, 0.0000000E+000
 7.5750000E+001, 4.7591408E+002, 1.9126750E-001, 8.2019684E-003, 3.1122800E-005, 1.2050235E-005, 2.0246587E-002, 3.1122800E-005, 7.8020965E-001, 0.0000000E+000
 7.6250000E+001, 4.7380745E+002, 1.9145712E-001, 8.1187648E-003, 2.7328917E-005, 1.0132793E-005, 2.0076742E-002, 2.7328917E-005, 7.8028258E-001, 0.0000000E+000
 7.6750000E+001, 4.7170472E+002, 1.9164475E-001, 8.0360838E-003, 2.4067488E-005, 8.5595347E-006, 1.9908468E-002, 2.4067488E-005, 7.8035400E-001, 0.0000000E+000
 7.7250000E+001, 4.6958293E+002, 1.9183503E-001, 7.9518211E-003, 2.1365857E-005, 7.2661044E-006, 1.9737590E-002, 2.1365857E-005, 7.8042556E-001, 0.0000000E+000
 7.7750000E+001, 4.6745566E+002, 1.9202716E-001, 7.8663504E-003, 1.9204759E-005, 6.2311776E-006, 1.9564837E-002, 1.9204759E-005, 7.8049702E-001, 0.0000000E+000
 7.8250000E+001, 4.6535352E+002, 1.9221786E-001, 7.7812399E-003, 1.7455132E-005, 5.4050804E-006, 1.9393210E-002, 1.7455132E-005, 7.8056738E-001, 0.0000000E+000
 7.8750000E+001, 4.6331287E+002, 1.9240304E-001, 7.6984000E-003, 1.6039106E-005, 4.7307002E-006, 1.9226446E-002, 1.6039106E-005, 7.8063531E-001, 0.0000000E+000
 7.9250000E+001, 4.6133256E+002, 1.9257894E-001, 7.6195866E-003, 1.4878382E-005, 4.1732604E-006, 1.9067972E-002, 1.4878382E-005, 7.8069958E-001, 0.0000000E+000
 7.9750000E+001, 4.5941307E+002, 1.9274706E-001, 7.5442052E-003, 1.3835828E-005, 3.7047724E-006, 1.8916466E-002, 1.3835828E-005, 7.8076089E-001, 0.0000000E+000
 8.0250000E+001, 4.5754317E+002, 1.9290915E-001, 7.4714844E-003, 1.2892058E-005, 3.3640616E-006, 1.8770369E-002, 1.2892058E-005, 7.8081985E-001, 0.0000000E+000
 8.0750000E+001, 4.5571293E+002, 1.9306778E-001, 7.4002736E-003, 1.2007677E-005, 3.1339877E-006, 1.8627345E-002, 1.2007677E-005, 7.8087745E-001, 0.0000000E+000
 8.1250000E+001, 4.5392023E+002, 1.9322376E-001, 7.3302584E-003, 1.1129990E-005, 2.9473875E-006, 1.8486713E-002, 1.1129990E-005, 7.8093406E-001, 0.0000000E+000
 8.1750000E+001, 4.5214584E+002, 1.9337847E-001, 7.2608693E-003, 1.0172443E-005, 2.7574438E-006, 1.8347252E-002, 1.0172443E-005, 7.8099030E-001, 0.0000000E+000
 8.2250000E+001, 4.5039977E+002, 1.9353310E-001, 7.1914950E-003, 9.2522043E-006, 2.5459804E-006, 1.8207858E-002, 9.2522043E-006, 7.8104650E-001, 0.0000000E+000
 8.2750000E+001, 4.4868064E+002, 1.9368829E-001, 7.1218803E-003, 8.3160908E-006, 2.2835108E-006, 1.8067968E-002, 8.3160908E-006, 7.8110294E-001, 0.0000000E+000
 8.3250000E+001, 4.4698214E+002, 1.9384280E-001, 7.0525997E-003, 7.3493611E-006, 1.9525518E-006, 1.7928715E-002, 7.3493611E-006, 7.8115923E-001, 0.0000000E+000
 8.3750000E+001, 4.4534450E+002, 1.9399196E-001, 6.9857494E-003, 6.3783003E-006, 1.5872778E-006, 1.7794309E-002, 6.3783003E-006, 7.8121364E-001, 0.0000000E+000
 8.4250000E+001, 4.4375405E+002, 1.9413541E-001, 6.9214695E-003, 5.4208640E-006, 1.2384867E-006, 1.7665048E-002, 5.4208640E-006, 7.8126599E-001, 0.0000000E+000
 8.4750000E+001, 4.4220236E+002, 1.9427407E-001, 6.8593217E-003, 4.5180261E-006, 9.2626567E-007, 1.7540096E-002, 4.5180261E-006, 7.8131655E-001, 0.0000000E+000
 8.5250000E+001, 4.4070713E+002, 1.9440625E-001, 6.8000439E-003, 3.7046727E-006, 6.7013702E-007, 1.7420962E-002, 3.7046727E-006, 7.8136466E-001, 0.0000000E+000
 8.5750000E+001, 4.3927230E+002, 1.9453186E-001, 6.7437059E-003, 2.9320892E-006, 4.7608498E-007, 1.7307737E-002, 2.9320892E-006, 7.8141035E-001, 0.0000000E+000
 8.6250000E+001, 4.3789249E+002, 1.9465162E-001, 6.6899869E-003, 2.1999686E-006, 3.3441142E-007, 1.7199779E-002, 2.1999686E-006, 7.8145388E-001, 0.0000000E+000
 8.6750000E+001, 4.3652759E+002, 1.9476870E-001, 6.6373968E-003, 1.5929603E-006, 2.3097069E-007, 1.7094199E-002, 1.5929603E-006, 7.8149629E-001, 0.0000000E+000
 8.7250000E+001, 4.3517098E+002, 1.9488367E-001, 6.5856563E-003, 1.1405786E-006, 1.5947361E-007, 1.6990469E-002, 1.1405786E-006, 7.8153776E-001, 0.0000000E+000
 8.7750000E+001, 4.3381617E+002, 1.9499867E-001, 6.5338347E-003, 7.9330128E-007, 1.1052593E-007, 1.6886680E-002, 7.9330128E-007, 7.8157912E-001, 0.0000000E+000
 8.8250000E+001, 4.3248313E+002, 1.9511208E-001, 6.4826685E-003, 5.4062583E-007, 7.6819835E-008, 1.6784294E-002, 5.4062583E-007, 7.8161980E-001, 0.0000000E+000
 8.8750000E+001, 4.3116753E+002, 1.9522361E-001, 6.4323054E-003, 3.6363492E-007, 5.2576196E-008, 1.6683586E-002, 3.6363492E-007, 7.8165971E-001, 0.0000000E+000
 8.9250000E+001, 4.2989447E+002, 1.9533218E-001, 6.3832488E-003, 2.4211549E-007, 3.5341250E-008, 1.6585540E-002, 2.4211549E-007, 7.8169851E-001, 0.0000000E+000
 8.9750000E+001, 4.2867507E+002, 1.9543549E-001, 6.3365396E-003, 1.6215593E-007, 2.3727286E-008, 1.6492222E-002, 1.6215593E-007, 7.8173540E-001, 0.0000000E+000
 9.0250000E+001, 4.2753343E+002, 1.9553160E-001, 6.2930777E-003, 1.1010239E-007, 1.6130913E-008, 1.6405414E-002, 1.1010239E-007, 7.8176968E-001, 0.0000000E+000
 9.0750000E+001, 4.2645580E+002, 1.9562157E-001, 6.2523768E-003, 7.6367423E-008, 1.1221259E-008, 1.6324135E-002, 7.6367423E-008, 7.8180175E-001, 0.0000000E+000
 9.1250000E+001, 4.2546751E+002, 1.9570490E-001, 6.2146784E-003, 5.4336541E-008, 8.0539703E-009, 1.6248861E-002, 5.4336541E-008, 7.8183145E-001, 0.0000000E+000
 9.1750000E+001, 4.2453455E+002, 1.9578338E-001, 6.1791678E-003, 3.9527447E-008, 5.9128916E-009, 1.6177962E-002, 3.9527447E-008, 7.8185941E-001, 0.0000000E+000
 9.2250000E+001, 4.2363009E+002, 1.9585876E-001, 6.1450561E-003, 2.9447741E-008, 4.4580023E-009, 1.6109860E-002, 2.9447741E-008, 7.8188626E-001, 0.0000000E+000
 9.2750000E+001, 4.2273838E+002, 1.9593389E-001, 6.1110538E-003, 2.2462894E-008, 3.4425212E-009, 1.6041979E-002, 2.2462894E-008, 7.8191303E-001, 0.0000000E+000
 9.3250000E+001, 4.2183806E+002, 1.9601004E-001, 6.0765942E-003, 1.7401563E-008, 2.6910528E-009, 1.5973187E-002, 1.7401563E-008, 7.8194014E-001, 0.0000000E+000
 9.3750000E+001, 4.2092818E+002, 1.9608760E-001, 6.0414922E-003, 1.3656197E-008, 2.1297630E-009, 1.5903114E-002, 1.3656197E-008, 7.8196777E-001, 0.0000000E+000
 9.4250000E+001, 4.2000209E+002, 1.9616551E-001, 6.0062287E-003, 1.0941165E-008, 1.7197966E-009, 1.5832720E-002, 1.0941165E-008, 7.8199551E-001, 0.0000000E+000
 9.4750000E+001, 4.1908724E+002, 1.9624191E-001, 5.9716529E-003, 8.8933345E-009, 1.4027216E-009, 1.5763699E-002, 8.8933345E-009, 7.8202272E-001, 0.0000000E+000
 9.5250000E+001, 4.1818793E+002, 1.9631624E-001, 5.9380113E-003, 7.4151521E-009, 1.1694694E-009, 1.5696544E-002, 7.4151521E-009, 7.8204919E-001, 0.0000000E+000
 9.5750000E+001, 4.1731067E+002, 1.9638914E-001, 5.9050179E-003, 6.2155244E-009, 9.7514586E-010, 1.5630683E-002, 6.2155244E-009, 7.8207515E-001, 0.0000000E+000
 9.6250000E+001, 4.1646065E+002, 1.9645886E-001, 5.8734628E-003, 5.2890171E-009, 8.2034899E-010, 1.5567693E-002, 5.2890171E-009, 7.8209997E-001, 0.0000000E+000
 9.6750000E+001, 4.1564805E+002, 1.9652539E-001, 5.8433502E-003, 4.4886943E-009, 6.8750082E-010, 1.5507583E-002, 4.4886943E-009, 7.8212366E-001, 0.0000000E+000
 9.7250000E+001, 4.1485697E+002, 1.9658959E-001, 5.8142961E-003, 3.8003260E-009, 5.7781452E-010, 1.5449585E-002, 3.8003260E-009, 7.8214652E-001, 0.0000000E+000
 9.7750000E+001, 4.1409719E+002, 1.9665087E-001, 5.7865592E-003, 3.2231522E-009, 4.8918911E-010, 1.5394218E-002, 3.2231522E-009, 7.8216834E-001, 0.0000000E+000
 9.8250000E+001, 4.1334591E+002, 1.9671034E-001, 5.7596445E-003, 2.7510960E-009, 4.2071873E-010, 1.5340491E-002, 2.7510960E-009, 7.8218952E-001, 0.0000000E+000
 9.8750000E+001, 4.1260622E+002, 1.9676943E-001, 5.7328991E-003, 2.3568666E-009, 3.6535760E-010, 1.5287103E-002, 2.3568666E-009, 7.8221056E-001, 0.0000000E+000
 9.9250000E+001, 4.1187594E+002, 1.9682695E-001, 5.7068656E-003, 2.0388305E-009, 3.2187698E-010, 1.5235136E-002, 2.0388305E-009, 7.8223104E-001, 0.0000000E+000
 9.9750000E+001, 4.1116305E+002, 1.9688288E-001, 5.6815507E-003, 1.7962400E-009, 2.8807034E-010, 1.5184603E-002, 1.7962400E-009, 7.8225096E-001, 0.0000000E+000
