s,status,status,status,status
Time,"Act4","Act3","Act2","Act1"
 0.000E+00,-1,-1,-1,-1
 1.675E-01,-1,-1,-1,-1
 2.513E-01,-1,-1,-1,-1
 4.188E-01,-1,-1,-1,-1
 5.026E-01,-1,-1,-1,-1
 6.701E-01,-1,-1,-1,-1
 7.539E-01,-1,-1,-1,-1
 9.214E-01,-1,-1,-1,-1
 1.005E+00,-1,-1,-1,-1
 1.089E+00,-1,-1,-1,-1
 1.257E+00,-1,-1,-1,-1
 1.340E+00,-1,-1,-1,-1
 1.508E+00,-1,-1,-1,-1
 1.570E+00,-1,-1,-1,-1
 1.683E+00,-1,-1,-1,-1
 1.813E+00,-1,-1,-1,-1
 1.944E+00,-1,-1,-1,-1
 2.062E+00,-1,-1,-1,-1
 2.167E+00,-1,-1,-1,-1
 2.298E+00,-1,-1,-1,-1
 2.403E+00,-1,-1,-1,-1
 2.535E+00,-1,-1,-1,-1
 2.666E+00,-1,-1,-1,-1
 2.780E+00,-1,-1,-1,-1
 2.895E+00,-1,-1,-1,-1
 3.009E+00,-1,-1,-1,-1
 3.123E+00,-1,-1,-1,-1
 3.247E+00,-1,-1,-1,-1
 3.367E+00,-1,-1,-1,-1
 3.488E+00,-1,-1,-1,-1
 3.609E+00,-1,-1,-1,-1
 3.729E+00,-1,-1,-1,-1
 3.850E+00,-1,-1,-1,-1
 3.971E+00,-1,-1,-1,-1
 4.092E+00,-1,-1,-1,-1
 4.212E+00,-1,-1,-1,-1
 4.333E+00,-1,-1,-1,-1
 4.454E+00,-1,-1,-1,-1
 4.570E+00,-1,-1,-1,-1
 4.686E+00,-1,-1,-1,-1
 4.805E+00,-1,-1,-1,-1
 4.924E+00,-1,-1,-1,-1
 5.042E+00,-1,-1,-1,-1
 5.165E+00,-1,-1,-1,-1
 5.289E+00,-1,-1,-1,-1
 5.413E+00,-1,-1,-1,-1
 5.525E+00,-1,-1,-1,-1
 5.641E+00,-1,-1,-1,-1
 5.775E+00,-1,-1,-1,-1
 5.893E+00,-1,-1,-1,-1
 6.002E+00,-1,-1,-1,-1
 6.133E+00,-1,-1,-1,-1
 6.247E+00,-1,-1,-1,-1
 6.361E+00,-1,-1,-1,-1
 6.484E+00,-1,-1,-1,-1
 6.609E+00,-1,-1,-1,-1
 6.735E+00,-1,-1,-1,-1
 6.844E+00,-1,-1,-1,-1
 6.970E+00,-1,-1,-1,-1
 7.095E+00,-1,-1,-1,-1
 7.205E+00,-1,-1,-1,-1
 7.331E+00,-1,-1,-1,-1
 7.440E+00,-1,-1,-1,-1
 7.566E+00,-1,-1,-1,-1
 7.691E+00,-1,-1,-1,-1
 7.801E+00,-1,-1,-1,-1
 7.927E+00,-1,-1,-1,-1
 8.052E+00,-1,-1,-1,-1
 8.162E+00,-1,-1,-1,-1
 8.287E+00,-1,-1,-1,-1
 8.413E+00,-1,-1,-1,-1
 8.522E+00,-1,-1,-1,-1
 8.648E+00,-1,-1,-1,-1
 8.773E+00,-1,-1,-1,-1
 8.883E+00,-1,-1,-1,-1
 9.009E+00,-1,-1,-1,-1
 9.134E+00,-1,-1,-1,-1
 9.244E+00,-1,-1,-1,-1
 9.369E+00,-1,-1,-1,-1
 9.495E+00,-1,-1,-1,-1
 9.603E+00,-1,-1,-1,-1
 9.730E+00,-1,-1,-1,-1
 9.849E+00,-1,-1,-1,-1
 9.967E+00,-1,-1,-1,-1
 1.009E+01,-1,-1,-1,-1
 1.020E+01,-1,-1,-1,-1
 1.033E+01,-1,-1,-1,-1
 1.045E+01,-1,-1,-1,-1
 1.057E+01,-1,-1,-1,-1
 1.068E+01,-1,-1,-1,-1
 1.080E+01,-1,-1,-1,-1
 1.093E+01,-1,-1,-1,-1
 1.105E+01,-1,-1,-1,-1
 1.117E+01,-1,-1,-1,-1
 1.129E+01,-1,-1,-1,-1
 1.141E+01,-1,-1,-1,-1
 1.153E+01,-1,-1,-1,-1
 1.165E+01,-1,-1,-1,-1
 1.177E+01,-1,-1,-1,-1
 1.189E+01,-1,-1,-1,-1
 1.201E+01,-1,-1,-1,-1
 1.212E+01,-1,-1,-1,-1
 1.225E+01,-1,-1,-1,-1
 1.237E+01,-1,-1,-1,-1
 1.248E+01,-1,-1,-1,-1
 1.261E+01,-1,-1,-1,-1
 1.273E+01,-1,-1,-1,-1
 1.284E+01,-1,-1,-1,-1
 1.297E+01,-1,-1,-1,-1
 1.309E+01,-1,-1,-1,-1
 1.321E+01,-1,-1,-1,-1
 1.333E+01,-1,-1,-1,-1
 1.344E+01,-1,-1,-1,-1
 1.357E+01,-1,-1,-1,-1
 1.369E+01,-1,-1,-1,-1
 1.381E+01,-1,-1,-1,-1
 1.393E+01,-1,-1,-1,-1
 1.404E+01,-1,-1,-1,-1
 1.417E+01,-1,-1,-1,-1
 1.429E+01,-1,-1,-1,-1
 1.440E+01,-1,-1,-1,-1
 1.453E+01,-1,-1,-1,-1
 1.465E+01,-1,-1,-1,-1
 1.476E+01,-1,-1,-1,-1
 1.489E+01,-1,-1,-1,-1
 1.500E+01,-1,-1,-1,-1
 1.513E+01,-1,-1,-1,-1
 1.525E+01,-1,-1,-1,-1
 1.537E+01,-1,-1,-1,-1
 1.548E+01,-1,-1,-1,-1
 1.560E+01,-1,-1,-1,-1
 1.573E+01,-1,-1,-1,-1
 1.585E+01,-1,-1,-1,-1
 1.597E+01,-1,-1,-1,-1
 1.608E+01,-1,-1,-1,-1
 1.621E+01,-1,-1,-1,-1
 1.632E+01,-1,-1,-1,-1
 1.645E+01,-1,-1,-1,-1
 1.657E+01,-1,-1,-1,-1
 1.669E+01,-1,-1,-1,-1
 1.681E+01,-1,-1,-1,-1
 1.693E+01,-1,-1,-1,-1
 1.704E+01,-1,-1,-1,-1
 1.717E+01,-1,-1,-1,-1
 1.729E+01,-1,-1,-1,-1
 1.740E+01,-1,-1,-1,-1
 1.753E+01,-1,-1,-1,-1
 1.765E+01,-1,-1,-1,-1
 1.776E+01,-1,-1,-1,-1
 1.789E+01,-1,-1,-1,-1
 1.801E+01,-1,-1,-1,-1
 1.812E+01,-1,-1,-1,-1
 1.824E+01,-1,-1,-1,-1
 1.836E+01,-1,-1,-1,-1
 1.849E+01,-1,-1,-1,-1
 1.860E+01,-1,-1,-1,-1
 1.872E+01,-1,-1,-1,-1
 1.885E+01,-1,-1,-1,-1
 1.896E+01,-1,-1,-1,-1
 1.908E+01,-1,-1,-1,-1
 1.920E+01,-1,-1,-1,-1
 1.932E+01,-1,-1,-1,-1
 1.944E+01,-1,-1,-1,-1
 1.957E+01,-1,-1,-1,-1
 1.968E+01,-1,-1,-1,-1
 1.981E+01,-1,-1,-1,-1
 1.993E+01,-1,-1,-1,-1
 2.004E+01,-1,-1,-1,-1
 2.017E+01,-1,-1,-1,-1
 2.029E+01,-1,-1,-1,-1
 2.041E+01,-1,-1,-1,-1
 2.053E+01,-1,-1,-1,-1
 2.064E+01,-1,-1,-1,-1
 2.077E+01,-1,-1,-1,-1
 2.089E+01,-1,-1,-1,-1
 2.101E+01,-1,-1,-1,-1
 2.113E+01,-1,-1,-1,-1
 2.125E+01,-1,-1,-1,-1
 2.137E+01,-1,-1,-1,-1
 2.148E+01,-1,-1,-1,-1
 2.161E+01,-1,-1,-1,-1
 2.173E+01,-1,-1,-1,-1
 2.185E+01,-1,-1,-1,-1
 2.196E+01,-1,-1,-1,-1
 2.209E+01,-1,-1,-1,-1
 2.221E+01,-1,-1,-1,-1
 2.232E+01,-1,-1,-1,-1
 2.244E+01,-1,-1,-1,-1
 2.256E+01,-1,-1,-1,-1
 2.268E+01,-1,-1,-1,-1
 2.281E+01,-1,-1,-1,-1
 2.292E+01,-1,-1,-1,-1
 2.304E+01,-1,-1,-1,-1
 2.316E+01,-1,-1,-1,-1
 2.328E+01,-1,-1,-1,-1
 2.340E+01,-1,-1,-1,-1
 2.353E+01,-1,-1,-1,-1
 2.365E+01,-1,-1,-1,-1
 2.376E+01,-1,-1,-1,-1
 2.389E+01,-1,-1,-1,-1
 2.400E+01,-1,-1,-1,-1
 2.413E+01,-1,-1,-1,-1
 2.425E+01,-1,-1,-1,-1
 2.436E+01,-1,-1,-1,-1
 2.448E+01,-1,-1,-1,-1
 2.461E+01,-1,-1,-1,-1
 2.473E+01,-1,-1,-1,-1
 2.484E+01,-1,-1,-1,-1
 2.497E+01,-1,-1,-1,-1
 2.509E+01,-1,-1,-1,-1
 2.521E+01,-1,-1,-1,-1
 2.532E+01,-1,-1,-1,-1
 2.545E+01,-1,-1,-1,-1
 2.556E+01,-1,-1,-1,-1
 2.568E+01,-1,-1,-1,-1
 2.581E+01,-1,-1,-1,-1
 2.593E+01,-1,-1,-1,-1
 2.604E+01,-1,-1,-1,-1
 2.617E+01,-1,-1,-1,-1
 2.629E+01,-1,-1,-1,-1
 2.640E+01,-1,-1,-1,-1
 2.652E+01,-1,-1,-1,-1
 2.665E+01,-1,-1,-1,-1
 2.677E+01,-1,-1,-1,-1
 2.689E+01,-1,-1,-1,-1
 2.700E+01,-1,-1,-1,-1
 2.712E+01,-1,-1,-1,-1
 2.725E+01,-1,-1,-1,-1
 2.737E+01,-1,-1,-1,-1
 2.748E+01,-1,-1,-1,-1
 2.761E+01,-1,-1,-1,-1
 2.773E+01,-1,-1,-1,-1
 2.784E+01,-1,-1,-1,-1
 2.796E+01,-1,-1,-1,-1
 2.809E+01,-1,-1,-1,-1
 2.820E+01,-1,-1,-1,-1
 2.833E+01,-1,-1,-1,-1
 2.844E+01,-1,-1,-1,-1
 2.857E+01,-1,-1,-1,-1
 2.869E+01,-1,-1,-1,-1
 2.881E+01,-1,-1,-1,-1
 2.892E+01,-1,-1,-1,-1
 2.905E+01,-1,-1,-1,-1
 2.917E+01,-1,-1,-1,-1
 2.928E+01,-1,-1,-1,-1
 2.941E+01,-1,-1,-1,-1
 2.952E+01,-1,-1,-1,-1
 2.965E+01,-1,-1,-1,-1
 2.977E+01,-1,-1,-1,-1
 2.989E+01,-1,-1,-1,-1
 3.001E+01,-1,-1,-1,-1
 3.013E+01,-1,-1,-1,-1
 3.025E+01,-1,-1,-1,-1
 3.037E+01,-1,-1,-1,-1
 3.049E+01,-1,-1,-1,-1
 3.061E+01,-1,-1,-1,-1
 3.073E+01,-1,-1,-1,-1
 3.085E+01,-1,-1,-1,-1
 3.097E+01,-1,-1,-1,-1
 3.109E+01,-1,-1,-1,-1
 3.120E+01,-1,-1,-1,-1
 3.132E+01,-1,-1,-1,-1
 3.145E+01,-1,-1,-1,-1
 3.156E+01,-1,-1,-1,-1
 3.168E+01,-1,-1,-1,-1
 3.180E+01,-1,-1,-1,-1
 3.193E+01,-1,-1,-1,-1
 3.204E+01,-1,-1,-1,-1
 3.216E+01,-1,-1,-1,-1
 3.228E+01,-1,-1,-1,-1
 3.241E+01,-1,-1,-1,-1
 3.253E+01,-1,-1,-1,-1
 3.264E+01,-1,-1,-1,-1
 3.277E+01,-1,-1,-1,-1
 3.289E+01,-1,-1,-1,-1
 3.300E+01,-1,-1,-1,-1
 3.312E+01,-1,-1,-1,-1
 3.324E+01,-1,-1,-1,-1
 3.337E+01,-1,-1,-1,-1
 3.349E+01,-1,-1,-1,-1
 3.361E+01,-1,-1,-1,-1
 3.372E+01,-1,-1,-1,-1
 3.384E+01,-1,-1,-1,-1
 3.397E+01,-1,-1,-1,-1
 3.408E+01,-1,-1,-1,-1
 3.420E+01,-1,-1,-1,-1
 3.433E+01,-1,-1,-1,-1
 3.444E+01,-1,-1,-1,-1
 3.457E+01,-1,-1,-1,-1
 3.468E+01,-1,-1,-1,-1
 3.481E+01,-1,-1,-1,-1
 3.493E+01,-1,-1,-1,-1
 3.504E+01,-1,-1,-1,-1
 3.516E+01,-1,-1,-1,-1
 3.528E+01,-1,-1,-1,-1
 3.541E+01,-1,-1,-1,-1
 3.553E+01,-1,-1,-1,-1
 3.565E+01,-1,-1,-1,-1
 3.576E+01,-1,-1,-1,-1
 3.589E+01,-1,-1,-1,-1
 3.600E+01,-1,-1,-1,-1
 3.613E+01,-1,-1,-1,-1
 3.625E+01,-1,-1,-1,-1
 3.637E+01,-1,-1,-1,-1
 3.649E+01,-1,-1,-1,-1
 3.660E+01,-1,-1,-1,-1
 3.672E+01,-1,-1,-1,-1
 3.685E+01,-1,-1,-1,-1
 3.696E+01,-1,-1,-1,-1
 3.708E+01,-1,-1,-1,-1
 3.721E+01,-1,-1,-1,-1
 3.732E+01,-1,-1,-1,-1
 3.745E+01,-1,-1,-1,-1
 3.756E+01,-1,-1,-1,-1
 3.768E+01,-1,-1,-1,-1
 3.780E+01,-1,-1,-1,-1
 3.793E+01,-1,-1,-1,-1
 3.805E+01,-1,-1,-1,-1
 3.817E+01,-1,-1,-1,-1
 3.829E+01,-1,-1,-1,-1
 3.840E+01,-1,-1,-1,-1
 3.852E+01,-1,-1,-1,-1
 3.865E+01,-1,-1,-1,-1
 3.877E+01,-1,-1,-1,-1
 3.888E+01,-1,-1,-1,-1
 3.900E+01,-1,-1,-1,-1
 3.912E+01,-1,-1,-1,-1
 3.925E+01,-1,-1,-1,-1
 3.937E+01,-1,-1,-1,-1
 3.948E+01,-1,-1,-1,-1
 3.961E+01,-1,-1,-1,-1
 3.972E+01,-1,-1,-1,-1
 3.985E+01,-1,-1,-1,-1
 3.996E+01,-1,-1,-1,-1
 4.008E+01,-1,-1,-1,-1
 4.021E+01,-1,-1,-1,-1
 4.032E+01,-1,-1,-1,-1
 4.044E+01,-1,-1,-1,-1
 4.057E+01,-1,-1,-1,-1
 4.068E+01,-1,-1,-1,-1
 4.081E+01,-1,-1,-1,-1
 4.093E+01,-1,-1,-1,-1
 4.105E+01,-1,-1,-1,-1
 4.117E+01,-1,-1,-1,-1
 4.128E+01,-1,-1,-1,-1
 4.141E+01,-1,-1,-1,-1
 4.153E+01,-1,-1,-1,-1
 4.164E+01,-1,-1,-1,-1
 4.177E+01,-1,-1,-1,-1
 4.189E+01,-1,-1,-1,-1
 4.200E+01,-1,-1,-1,-1
 4.212E+01,-1,-1,-1,-1
 4.225E+01,-1,-1,-1,-1
 4.236E+01,-1,-1,-1,-1
 4.248E+01,-1,-1,-1,-1
 4.261E+01,-1,-1,-1,-1
 4.272E+01,-1,-1,-1,-1
 4.285E+01,-1,-1,-1,-1
 4.297E+01,-1,-1,-1,-1
 4.309E+01,-1,-1,-1,-1
 4.321E+01,-1,-1,-1,-1
 4.332E+01,-1,-1,-1,-1
 4.344E+01,-1,-1,-1,-1
 4.357E+01,-1,-1,-1,-1
 4.369E+01,-1,-1,-1,-1
 4.380E+01,-1,-1,-1,-1
 4.392E+01,-1,-1,-1,-1
 4.405E+01,-1,-1,-1,-1
 4.417E+01,-1,-1,-1,-1
 4.428E+01,-1,-1,-1,-1
 4.440E+01,-1,-1,-1,-1
 4.452E+01,-1,-1,-1,-1
 4.464E+01,-1,-1,-1,-1
 4.476E+01,-1,-1,-1,-1
 4.488E+01,-1,-1,-1,-1
 4.500E+01,-1,-1,-1,-1
 4.512E+01,-1,-1,-1,-1
 4.524E+01,-1,-1,-1,-1
 4.536E+01,-1,-1,-1,-1
 4.549E+01,-1,-1,-1,-1
 4.560E+01,-1,-1,-1,-1
 4.573E+01,-1,-1,-1,-1
 4.584E+01,-1,-1,-1,-1
 4.597E+01,-1,-1,-1,-1
 4.608E+01,-1,-1,-1,-1
 4.620E+01,-1,-1,-1,-1
 4.633E+01,-1,-1,-1,-1
 4.645E+01,-1,-1,-1,-1
 4.657E+01,-1,-1,-1,-1
 4.669E+01,-1,-1,-1,-1
 4.681E+01,-1,-1,-1,-1
 4.693E+01,-1,-1,-1,-1
 4.705E+01,-1,-1,-1,-1
 4.717E+01,-1,-1,-1,-1
 4.728E+01,-1,-1,-1,-1
 4.740E+01,-1,-1,-1,-1
 4.753E+01,-1,-1,-1,-1
 4.764E+01,-1,-1,-1,-1
 4.777E+01,-1,-1,-1,-1
 4.789E+01,-1,-1,-1,-1
 4.800E+01,-1,-1,-1,-1
 4.813E+01,-1,-1,-1,-1
 4.824E+01,-1,-1,-1,-1
 4.836E+01,-1,-1,-1,-1
 4.849E+01,-1,-1,-1,-1
 4.860E+01,-1,-1,-1,-1
 4.873E+01,-1,-1,-1,-1
 4.885E+01,-1,-1,-1,-1
 4.897E+01,-1,-1,-1,-1
 4.908E+01,-1,-1,-1,-1
 4.921E+01,-1,-1,-1,-1
 4.932E+01,-1,-1,-1,-1
 4.945E+01,-1,-1,-1,-1
 4.956E+01,-1,-1,-1,-1
 4.969E+01,-1,-1,-1,-1
 4.981E+01,-1,-1,-1,-1
 4.993E+01,-1,-1,-1,-1
 5.005E+01,-1,-1,-1,-1
 5.016E+01,-1,-1,-1,-1
 5.028E+01,-1,-1,-1,-1
 5.041E+01,-1,-1,-1,-1
 5.053E+01,-1,-1,-1,-1
 5.065E+01,-1,-1,-1,-1
 5.076E+01,-1,-1,-1,-1
 5.088E+01,-1,-1,-1,-1
 5.100E+01,-1,-1,-1,-1
 5.112E+01,-1,-1,-1,-1
 5.125E+01,-1,-1,-1,-1
 5.136E+01,-1,-1,-1,-1
 5.148E+01,-1,-1,-1,-1
 5.161E+01,-1,-1,-1,-1
 5.172E+01,-1,-1,-1,-1
 5.184E+01,-1,-1,-1,-1
 5.197E+01,-1,-1,-1,-1
 5.209E+01,-1,-1,-1,-1
 5.221E+01,-1,-1,-1,-1
 5.232E+01,-1,-1,-1,-1
 5.244E+01,-1,-1,-1,-1
 5.256E+01,-1,-1,-1,-1
 5.269E+01,-1,-1,-1,-1
 5.281E+01,-1,-1,-1,-1
 5.292E+01,-1,-1,-1,-1
 5.305E+01,-1,-1,-1,-1
 5.317E+01,-1,-1,-1,-1
 5.328E+01,-1,-1,-1,-1
 5.341E+01,-1,-1,-1,-1
 5.353E+01,-1,-1,-1,-1
 5.365E+01,-1,-1,-1,-1
 5.377E+01,-1,-1,-1,-1
 5.389E+01,-1,-1,-1,-1
 5.401E+01,-1,-1,-1,-1
 5.412E+01,-1,-1,-1,-1
 5.424E+01,-1,-1,-1,-1
 5.436E+01,-1,-1,-1,-1
 5.448E+01,-1,-1,-1,-1
 5.460E+01,-1,-1,-1,-1
 5.472E+01,-1,-1,-1,-1
 5.485E+01,-1,-1,-1,-1
 5.496E+01,-1,-1,-1,-1
 5.508E+01,-1,-1,-1,-1
 5.521E+01, 1,-1,-1,-1
 5.533E+01, 1,-1,-1,-1
 5.544E+01, 1,-1,-1,-1
 5.556E+01, 1,-1,-1,-1
 5.568E+01, 1,-1,-1,-1
 5.581E+01, 1,-1,-1,-1
 5.593E+01, 1,-1,-1,-1
 5.605E+01, 1,-1,-1,-1
 5.617E+01, 1,-1,-1,-1
 5.629E+01, 1, 1,-1,-1
 5.640E+01, 1, 1,-1,-1
 5.653E+01, 1, 1,-1,-1
 5.664E+01, 1, 1,-1,-1
 5.676E+01, 1, 1,-1,-1
 5.689E+01, 1, 1,-1,-1
 5.700E+01, 1, 1,-1,-1
 5.712E+01, 1, 1,-1,-1
 5.724E+01, 1, 1,-1,-1
 5.736E+01, 1, 1,-1,-1
 5.748E+01, 1, 1,-1,-1
 5.760E+01, 1, 1,-1,-1
 5.773E+01, 1, 1,-1,-1
 5.784E+01, 1, 1,-1,-1
 5.797E+01, 1, 1,-1,-1
 5.808E+01, 1, 1,-1,-1
 5.820E+01, 1, 1,-1,-1
 5.832E+01, 1, 1,-1,-1
 5.845E+01, 1, 1,-1,-1
 5.856E+01, 1, 1,-1,-1
 5.868E+01, 1, 1,-1,-1
 5.881E+01, 1, 1,-1,-1
 5.893E+01, 1, 1,-1,-1
 5.904E+01, 1, 1,-1,-1
 5.917E+01, 1, 1,-1,-1
 5.929E+01, 1, 1,-1,-1
 5.941E+01, 1, 1,-1,-1
 5.953E+01, 1, 1,-1,-1
 5.964E+01, 1, 1,-1,-1
 5.976E+01, 1, 1,-1,-1
 5.988E+01, 1, 1,-1,-1
 6.001E+01, 1, 1,-1,-1
 6.012E+01, 1, 1,-1,-1
 6.025E+01, 1, 1,-1,-1
 6.036E+01, 1, 1,-1,-1
 6.048E+01, 1, 1,-1,-1
 6.061E+01, 1, 1,-1,-1
 6.072E+01, 1, 1,-1,-1
 6.085E+01, 1, 1,-1,-1
 6.097E+01, 1, 1,-1,-1
 6.108E+01, 1, 1,-1,-1
 6.120E+01, 1, 1,-1,-1
 6.132E+01, 1, 1,-1,-1
 6.145E+01, 1, 1,-1,-1
 6.157E+01, 1, 1,-1,-1
 6.169E+01, 1, 1,-1,-1
 6.180E+01, 1, 1,-1,-1
 6.192E+01, 1, 1,-1,-1
 6.205E+01, 1, 1,-1,-1
 6.217E+01, 1, 1,-1,-1
 6.228E+01, 1, 1,-1,-1
 6.240E+01, 1, 1,-1,-1
 6.252E+01, 1, 1,-1,-1
 6.265E+01, 1, 1,-1,-1
 6.277E+01, 1, 1,-1,-1
 6.288E+01, 1, 1,-1,-1
 6.300E+01, 1, 1,-1,-1
 6.312E+01, 1, 1,-1,-1
 6.324E+01, 1, 1,-1,-1
 6.336E+01, 1, 1,-1,-1
 6.349E+01, 1, 1,-1,-1
 6.360E+01, 1, 1,-1,-1
 6.373E+01, 1, 1,-1,-1
 6.384E+01, 1, 1,-1,-1
 6.396E+01, 1, 1,-1,-1
 6.409E+01, 1, 1,-1,-1
 6.421E+01, 1, 1,-1,-1
 6.433E+01, 1, 1,-1,-1
 6.444E+01, 1, 1,-1,-1
 6.457E+01, 1, 1,-1,-1
 6.469E+01, 1, 1,-1,-1
 6.481E+01, 1, 1,-1,-1
 6.492E+01, 1, 1,-1,-1
 6.505E+01, 1, 1, 1,-1
 6.516E+01, 1, 1, 1,-1
 6.529E+01, 1, 1, 1, 1
 6.540E+01, 1, 1, 1, 1
 6.552E+01, 1, 1, 1, 1
 6.565E+01, 1, 1, 1, 1
 6.577E+01, 1, 1, 1, 1
 6.589E+01, 1, 1, 1, 1
 6.600E+01, 1, 1, 1, 1
 6.612E+01, 1, 1, 1, 1
 6.624E+01, 1, 1, 1, 1
 6.636E+01, 1, 1, 1, 1
 6.648E+01, 1, 1, 1, 1
 6.660E+01, 1, 1, 1, 1
 6.672E+01, 1, 1, 1, 1
 6.684E+01, 1, 1, 1, 1
 6.696E+01, 1, 1, 1, 1
 6.708E+01, 1, 1, 1, 1
 6.720E+01, 1, 1, 1, 1
 6.732E+01, 1, 1, 1, 1
 6.744E+01, 1, 1, 1, 1
 6.756E+01, 1, 1, 1, 1
 6.768E+01, 1, 1, 1, 1
 6.780E+01, 1, 1, 1, 1
 6.792E+01, 1, 1, 1, 1
 6.805E+01, 1, 1, 1, 1
 6.817E+01, 1, 1, 1, 1
 6.829E+01, 1, 1, 1, 1
 6.841E+01, 1, 1, 1, 1
 6.852E+01, 1, 1, 1, 1
 6.864E+01, 1, 1, 1, 1
 6.877E+01, 1, 1, 1, 1
 6.888E+01, 1, 1, 1, 1
 6.901E+01, 1, 1, 1, 1
 6.912E+01, 1, 1, 1, 1
 6.924E+01, 1, 1, 1, 1
 6.936E+01, 1, 1, 1, 1
 6.948E+01, 1, 1, 1, 1
 6.960E+01, 1, 1, 1, 1
 6.972E+01, 1, 1, 1, 1
 6.984E+01, 1, 1, 1, 1
 6.997E+01, 1, 1, 1, 1
 7.008E+01, 1, 1, 1, 1
 7.020E+01, 1, 1, 1, 1
 7.032E+01, 1, 1, 1, 1
 7.044E+01, 1, 1, 1, 1
 7.056E+01, 1, 1, 1, 1
 7.068E+01, 1, 1, 1, 1
 7.080E+01, 1, 1, 1, 1
 7.092E+01, 1, 1, 1, 1
 7.105E+01, 1, 1, 1, 1
 7.116E+01, 1, 1, 1, 1
 7.128E+01, 1, 1, 1, 1
 7.140E+01, 1, 1, 1, 1
 7.152E+01, 1, 1, 1, 1
 7.164E+01, 1, 1, 1, 1
 7.177E+01, 1, 1, 1, 1
 7.188E+01, 1, 1, 1, 1
 7.201E+01, 1, 1, 1, 1
 7.213E+01, 1, 1, 1, 1
 7.224E+01, 1, 1, 1, 1
 7.236E+01, 1, 1, 1, 1
 7.249E+01, 1, 1, 1, 1
 7.260E+01, 1, 1, 1, 1
 7.272E+01, 1, 1, 1, 1
 7.285E+01, 1, 1, 1, 1
 7.296E+01, 1, 1, 1, 1
 7.309E+01, 1, 1, 1, 1
 7.320E+01, 1, 1, 1, 1
 7.332E+01, 1, 1, 1, 1
 7.344E+01, 1, 1, 1, 1
 7.357E+01, 1, 1, 1, 1
 7.369E+01, 1, 1, 1, 1
 7.381E+01, 1, 1, 1, 1
 7.392E+01, 1, 1, 1, 1
 7.404E+01, 1, 1, 1, 1
 7.416E+01, 1, 1, 1, 1
 7.428E+01, 1, 1, 1, 1
 7.440E+01, 1, 1, 1, 1
 7.453E+01, 1, 1, 1, 1
 7.464E+01, 1, 1, 1, 1
 7.476E+01, 1, 1, 1, 1
 7.488E+01, 1, 1, 1, 1
 7.501E+01, 1, 1, 1, 1
 7.513E+01, 1, 1, 1, 1
 7.525E+01, 1, 1, 1, 1
 7.536E+01, 1, 1, 1, 1
 7.548E+01, 1, 1, 1, 1
 7.561E+01, 1, 1, 1, 1
 7.572E+01, 1, 1, 1, 1
 7.585E+01, 1, 1, 1, 1
 7.597E+01, 1, 1, 1, 1
 7.608E+01, 1, 1, 1, 1
 7.621E+01, 1, 1, 1, 1
 7.632E+01, 1, 1, 1, 1
 7.644E+01, 1, 1, 1, 1
 7.657E+01, 1, 1, 1, 1
 7.668E+01, 1, 1, 1, 1
 7.680E+01, 1, 1, 1, 1
 7.693E+01, 1, 1, 1, 1
 7.705E+01, 1, 1, 1, 1
 7.716E+01, 1, 1, 1, 1
 7.728E+01, 1, 1, 1, 1
 7.740E+01, 1, 1, 1, 1
 7.753E+01, 1, 1, 1, 1
 7.764E+01, 1, 1, 1, 1
 7.776E+01, 1, 1, 1, 1
 7.788E+01, 1, 1, 1, 1
 7.801E+01, 1, 1, 1, 1
 7.812E+01, 1, 1, 1, 1
 7.824E+01, 1, 1, 1, 1
 7.836E+01, 1, 1, 1, 1
 7.849E+01, 1, 1, 1, 1
 7.860E+01, 1, 1, 1, 1
 7.872E+01, 1, 1, 1, 1
 7.885E+01, 1, 1, 1, 1
 7.897E+01, 1, 1, 1, 1
 7.909E+01, 1, 1, 1, 1
 7.921E+01, 1, 1, 1, 1
 7.932E+01, 1, 1, 1, 1
 7.945E+01, 1, 1, 1, 1
 7.956E+01, 1, 1, 1, 1
 7.968E+01, 1, 1, 1, 1
 7.981E+01, 1, 1, 1, 1
 7.992E+01, 1, 1, 1, 1
 8.004E+01, 1, 1, 1, 1
 8.016E+01, 1, 1, 1, 1
 8.028E+01, 1, 1, 1, 1
 8.040E+01, 1, 1, 1, 1
 8.052E+01, 1, 1, 1, 1
 8.064E+01, 1, 1, 1, 1
 8.077E+01, 1, 1, 1, 1
 8.088E+01, 1, 1, 1, 1
 8.101E+01, 1, 1, 1, 1
 8.113E+01, 1, 1, 1, 1
 8.124E+01, 1, 1, 1, 1
 8.137E+01, 1, 1, 1, 1
 8.148E+01, 1, 1, 1, 1
 8.161E+01, 1, 1, 1, 1
 8.172E+01, 1, 1, 1, 1
 8.184E+01, 1, 1, 1, 1
 8.197E+01, 1, 1, 1, 1
 8.208E+01, 1, 1, 1, 1
 8.220E+01, 1, 1, 1, 1
 8.232E+01, 1, 1, 1, 1
 8.244E+01, 1, 1, 1, 1
 8.256E+01, 1, 1, 1, 1
 8.269E+01, 1, 1, 1, 1
 8.280E+01, 1, 1, 1, 1
 8.293E+01, 1, 1, 1, 1
 8.304E+01, 1, 1, 1, 1
 8.316E+01, 1, 1, 1, 1
 8.328E+01, 1, 1, 1, 1
 8.340E+01, 1, 1, 1, 1
 8.353E+01, 1, 1, 1, 1
 8.364E+01, 1, 1, 1, 1
 8.376E+01, 1, 1, 1, 1
 8.388E+01, 1, 1, 1, 1
 8.400E+01, 1, 1, 1, 1
 8.413E+01, 1, 1, 1, 1
 8.425E+01, 1, 1, 1, 1
 8.436E+01, 1, 1, 1, 1
 8.448E+01, 1, 1, 1, 1
 8.460E+01, 1, 1, 1, 1
 8.473E+01, 1, 1, 1, 1
 8.484E+01, 1, 1, 1, 1
 8.497E+01, 1, 1, 1, 1
 8.508E+01, 1, 1, 1, 1
 8.520E+01, 1, 1, 1, 1
 8.533E+01, 1, 1, 1, 1
 8.545E+01, 1, 1, 1, 1
 8.557E+01, 1, 1, 1, 1
 8.569E+01, 1, 1, 1, 1
 8.580E+01, 1, 1, 1, 1
 8.592E+01, 1, 1, 1, 1
 8.605E+01, 1, 1, 1, 1
 8.616E+01, 1, 1, 1, 1
 8.628E+01, 1, 1, 1, 1
 8.640E+01, 1, 1, 1, 1
 8.653E+01, 1, 1, 1, 1
 8.664E+01, 1, 1, 1, 1
 8.677E+01, 1, 1, 1, 1
 8.688E+01, 1, 1, 1, 1
 8.700E+01, 1, 1, 1, 1
 8.712E+01, 1, 1, 1, 1
 8.724E+01, 1, 1, 1, 1
 8.736E+01, 1, 1, 1, 1
 8.749E+01, 1, 1, 1, 1
 8.760E+01, 1, 1, 1, 1
 8.772E+01, 1, 1, 1, 1
 8.784E+01, 1, 1, 1, 1
 8.797E+01, 1, 1, 1, 1
 8.808E+01, 1, 1, 1, 1
 8.820E+01, 1, 1, 1, 1
 8.832E+01, 1, 1, 1, 1
 8.844E+01, 1, 1, 1, 1
 8.857E+01, 1, 1, 1, 1
 8.868E+01, 1, 1, 1, 1
 8.880E+01, 1, 1, 1, 1
 8.893E+01, 1, 1, 1, 1
 8.904E+01, 1, 1, 1, 1
 8.916E+01, 1, 1, 1, 1
 8.929E+01, 1, 1, 1, 1
 8.940E+01, 1, 1, 1, 1
 8.953E+01, 1, 1, 1, 1
 8.965E+01, 1, 1, 1, 1
 8.976E+01, 1, 1, 1, 1
 8.988E+01, 1, 1, 1, 1
 9.001E+01, 1, 1, 1, 1
 9.013E+01, 1, 1, 1, 1
 9.024E+01, 1, 1, 1, 1
 9.036E+01, 1, 1, 1, 1
 9.049E+01, 1, 1, 1, 1
 9.060E+01, 1, 1, 1, 1
 9.072E+01, 1, 1, 1, 1
 9.085E+01, 1, 1, 1, 1
 9.096E+01, 1, 1, 1, 1
 9.108E+01, 1, 1, 1, 1
 9.120E+01, 1, 1, 1, 1
 9.132E+01, 1, 1, 1, 1
 9.144E+01, 1, 1, 1, 1
 9.157E+01, 1, 1, 1, 1
 9.169E+01, 1, 1, 1, 1
 9.180E+01, 1, 1, 1, 1
 9.192E+01, 1, 1, 1, 1
 9.204E+01, 1, 1, 1, 1
 9.217E+01, 1, 1, 1, 1
 9.228E+01, 1, 1, 1, 1
 9.240E+01, 1, 1, 1, 1
 9.252E+01, 1, 1, 1, 1
 9.264E+01, 1, 1, 1, 1
 9.276E+01, 1, 1, 1, 1
 9.289E+01, 1, 1, 1, 1
 9.301E+01, 1, 1, 1, 1
 9.313E+01, 1, 1, 1, 1
 9.325E+01, 1, 1, 1, 1
 9.337E+01, 1, 1, 1, 1
 9.349E+01, 1, 1, 1, 1
 9.360E+01, 1, 1, 1, 1
 9.372E+01, 1, 1, 1, 1
 9.385E+01, 1, 1, 1, 1
 9.397E+01, 1, 1, 1, 1
 9.409E+01, 1, 1, 1, 1
 9.421E+01, 1, 1, 1, 1
 9.432E+01, 1, 1, 1, 1
 9.444E+01, 1, 1, 1, 1
 9.457E+01, 1, 1, 1, 1
 9.468E+01, 1, 1, 1, 1
 9.480E+01, 1, 1, 1, 1
 9.492E+01, 1, 1, 1, 1
 9.505E+01, 1, 1, 1, 1
 9.516E+01, 1, 1, 1, 1
 9.529E+01, 1, 1, 1, 1
 9.540E+01, 1, 1, 1, 1
 9.552E+01, 1, 1, 1, 1
 9.564E+01, 1, 1, 1, 1
 9.576E+01, 1, 1, 1, 1
 9.589E+01, 1, 1, 1, 1
 9.601E+01, 1, 1, 1, 1
 9.612E+01, 1, 1, 1, 1
 9.625E+01, 1, 1, 1, 1
 9.636E+01, 1, 1, 1, 1
 9.649E+01, 1, 1, 1, 1
 9.661E+01, 1, 1, 1, 1
 9.672E+01, 1, 1, 1, 1
 9.684E+01, 1, 1, 1, 1
 9.696E+01, 1, 1, 1, 1
 9.709E+01, 1, 1, 1, 1
 9.720E+01, 1, 1, 1, 1
 9.732E+01, 1, 1, 1, 1
 9.744E+01, 1, 1, 1, 1
 9.756E+01, 1, 1, 1, 1
 9.768E+01, 1, 1, 1, 1
 9.781E+01, 1, 1, 1, 1
 9.793E+01, 1, 1, 1, 1
 9.804E+01, 1, 1, 1, 1
 9.816E+01, 1, 1, 1, 1
 9.828E+01, 1, 1, 1, 1
 9.840E+01, 1, 1, 1, 1
 9.852E+01, 1, 1, 1, 1
 9.864E+01, 1, 1, 1, 1
 9.877E+01, 1, 1, 1, 1
 9.888E+01, 1, 1, 1, 1
 9.900E+01, 1, 1, 1, 1
 9.912E+01, 1, 1, 1, 1
 9.924E+01, 1, 1, 1, 1
 9.936E+01, 1, 1, 1, 1
 9.949E+01, 1, 1, 1, 1
 9.960E+01, 1, 1, 1, 1
 9.972E+01, 1, 1, 1, 1
 9.985E+01, 1, 1, 1, 1
 9.996E+01, 1, 1, 1, 1
 1.001E+02, 1, 1, 1, 1
 1.002E+02, 1, 1, 1, 1
 1.003E+02, 1, 1, 1, 1
 1.004E+02, 1, 1, 1, 1
 1.006E+02, 1, 1, 1, 1
 1.007E+02, 1, 1, 1, 1
 1.008E+02, 1, 1, 1, 1
 1.009E+02, 1, 1, 1, 1
 1.010E+02, 1, 1, 1, 1
 1.012E+02, 1, 1, 1, 1
 1.013E+02, 1, 1, 1, 1
 1.014E+02, 1, 1, 1, 1
 1.015E+02, 1, 1, 1, 1
 1.016E+02, 1, 1, 1, 1
 1.018E+02, 1, 1, 1, 1
 1.019E+02, 1, 1, 1, 1
 1.020E+02, 1, 1, 1, 1
 1.021E+02, 1, 1, 1, 1
 1.022E+02, 1, 1, 1, 1
 1.024E+02, 1, 1, 1, 1
 1.025E+02, 1, 1, 1, 1
 1.026E+02, 1, 1, 1, 1
 1.027E+02, 1, 1, 1, 1
 1.028E+02, 1, 1, 1, 1
 1.030E+02, 1, 1, 1, 1
 1.031E+02, 1, 1, 1, 1
 1.032E+02, 1, 1, 1, 1
 1.033E+02, 1, 1, 1, 1
 1.034E+02, 1, 1, 1, 1
 1.036E+02, 1, 1, 1, 1
 1.037E+02, 1, 1, 1, 1
 1.038E+02, 1, 1, 1, 1
 1.039E+02, 1, 1, 1, 1
 1.040E+02, 1, 1, 1, 1
 1.042E+02, 1, 1, 1, 1
 1.043E+02, 1, 1, 1, 1
 1.044E+02, 1, 1, 1, 1
 1.045E+02, 1, 1, 1, 1
 1.046E+02, 1, 1, 1, 1
 1.048E+02, 1, 1, 1, 1
 1.049E+02, 1, 1, 1, 1
 1.050E+02, 1, 1, 1, 1
 1.051E+02, 1, 1, 1, 1
 1.052E+02, 1, 1, 1, 1
 1.054E+02, 1, 1, 1, 1
 1.055E+02, 1, 1, 1, 1
 1.056E+02, 1, 1, 1, 1
 1.057E+02, 1, 1, 1, 1
 1.058E+02, 1, 1, 1, 1
 1.060E+02, 1, 1, 1, 1
 1.061E+02, 1, 1, 1, 1
 1.062E+02, 1, 1, 1, 1
 1.063E+02, 1, 1, 1, 1
 1.064E+02, 1, 1, 1, 1
 1.066E+02, 1, 1, 1, 1
 1.067E+02, 1, 1, 1, 1
 1.068E+02, 1, 1, 1, 1
 1.069E+02, 1, 1, 1, 1
 1.070E+02, 1, 1, 1, 1
 1.072E+02, 1, 1, 1, 1
 1.073E+02, 1, 1, 1, 1
 1.074E+02, 1, 1, 1, 1
 1.075E+02, 1, 1, 1, 1
 1.076E+02, 1, 1, 1, 1
 1.078E+02, 1, 1, 1, 1
 1.079E+02, 1, 1, 1, 1
 1.080E+02, 1, 1, 1, 1
 1.081E+02, 1, 1, 1, 1
 1.082E+02, 1, 1, 1, 1
 1.084E+02, 1, 1, 1, 1
 1.085E+02, 1, 1, 1, 1
 1.086E+02, 1, 1, 1, 1
 1.087E+02, 1, 1, 1, 1
 1.088E+02, 1, 1, 1, 1
 1.090E+02, 1, 1, 1, 1
 1.091E+02, 1, 1, 1, 1
 1.092E+02, 1, 1, 1, 1
 1.093E+02, 1, 1, 1, 1
 1.094E+02, 1, 1, 1, 1
 1.096E+02, 1, 1, 1, 1
 1.097E+02, 1, 1, 1, 1
 1.098E+02, 1, 1, 1, 1
 1.099E+02, 1, 1, 1, 1
 1.100E+02, 1, 1, 1, 1
 1.102E+02, 1, 1, 1, 1
 1.103E+02, 1, 1, 1, 1
 1.104E+02, 1, 1, 1, 1
 1.105E+02, 1, 1, 1, 1
 1.106E+02, 1, 1, 1, 1
 1.108E+02, 1, 1, 1, 1
 1.109E+02, 1, 1, 1, 1
 1.110E+02, 1, 1, 1, 1
 1.111E+02, 1, 1, 1, 1
 1.112E+02, 1, 1, 1, 1
 1.114E+02, 1, 1, 1, 1
 1.115E+02, 1, 1, 1, 1
 1.116E+02, 1, 1, 1, 1
 1.117E+02, 1, 1, 1, 1
 1.118E+02, 1, 1, 1, 1
 1.120E+02, 1, 1, 1, 1
 1.121E+02, 1, 1, 1, 1
 1.122E+02, 1, 1, 1, 1
 1.123E+02, 1, 1, 1, 1
 1.124E+02, 1, 1, 1, 1
 1.126E+02, 1, 1, 1, 1
 1.127E+02, 1, 1, 1, 1
 1.128E+02, 1, 1, 1, 1
 1.129E+02, 1, 1, 1, 1
 1.130E+02, 1, 1, 1, 1
 1.132E+02, 1, 1, 1, 1
 1.133E+02, 1, 1, 1, 1
 1.134E+02, 1, 1, 1, 1
 1.135E+02, 1, 1, 1, 1
 1.136E+02, 1, 1, 1, 1
 1.138E+02, 1, 1, 1, 1
 1.139E+02, 1, 1, 1, 1
 1.140E+02, 1, 1, 1, 1
 1.141E+02, 1, 1, 1, 1
 1.142E+02, 1, 1, 1, 1
 1.144E+02, 1, 1, 1, 1
 1.145E+02, 1, 1, 1, 1
 1.146E+02, 1, 1, 1, 1
 1.147E+02, 1, 1, 1, 1
 1.148E+02, 1, 1, 1, 1
 1.150E+02, 1, 1, 1, 1
 1.151E+02, 1, 1, 1, 1
 1.152E+02, 1, 1, 1, 1
 1.153E+02, 1, 1, 1, 1
 1.154E+02, 1, 1, 1, 1
 1.156E+02, 1, 1, 1, 1
 1.157E+02, 1, 1, 1, 1
 1.158E+02, 1, 1, 1, 1
 1.159E+02, 1, 1, 1, 1
 1.160E+02, 1, 1, 1, 1
 1.162E+02, 1, 1, 1, 1
 1.163E+02, 1, 1, 1, 1
 1.164E+02, 1, 1, 1, 1
 1.165E+02, 1, 1, 1, 1
 1.166E+02, 1, 1, 1, 1
 1.168E+02, 1, 1, 1, 1
 1.169E+02, 1, 1, 1, 1
 1.170E+02, 1, 1, 1, 1
 1.171E+02, 1, 1, 1, 1
 1.172E+02, 1, 1, 1, 1
 1.174E+02, 1, 1, 1, 1
 1.175E+02, 1, 1, 1, 1
 1.176E+02, 1, 1, 1, 1
 1.177E+02, 1, 1, 1, 1
 1.178E+02, 1, 1, 1, 1
 1.180E+02, 1, 1, 1, 1
 1.181E+02, 1, 1, 1, 1
 1.182E+02, 1, 1, 1, 1
 1.183E+02, 1, 1, 1, 1
 1.184E+02, 1, 1, 1, 1
 1.186E+02, 1, 1, 1, 1
 1.187E+02, 1, 1, 1, 1
 1.188E+02, 1, 1, 1, 1
 1.189E+02, 1, 1, 1, 1
 1.190E+02, 1, 1, 1, 1
 1.192E+02, 1, 1, 1, 1
 1.193E+02, 1, 1, 1, 1
 1.194E+02, 1, 1, 1, 1
 1.195E+02, 1, 1, 1, 1
 1.196E+02, 1, 1, 1, 1
 1.198E+02, 1, 1, 1, 1
 1.199E+02, 1, 1, 1, 1
 1.200E+02, 1, 1, 1, 1
