s,,,,,,,
Time,"O2 EXHAUST","CO2 EXHAUST","H2O EXHAUST","CO EXHAUST","FUEL EXHAUST","SOOT EXHAUST","TEMP EXHAUST"
 0.0000000E+000, 0.0000000E+000, 0.0000000E+000, 0.0000000E+000, 0.0000000E+000, 0.0000000E+000, 0.0000000E+000, 0.0000000E+000
 1.0069571E+000, 2.3000000E-001, 6.0000000E-004, 6.8000000E-003, 1.3752041E-036, 3.5510367E-037, 1.0160090E-036, 2.0197597E+001
 2.0007662E+000, 2.2775215E-001, 1.9777640E-003, 7.8154767E-003, 5.6195624E-004, 8.1794915E-010, 3.7273358E-005, 4.4881221E+001
 3.0039128E+000, 2.2070229E-001, 6.6576840E-003, 1.0967796E-002, 2.1364201E-003, 1.2493379E-008, 1.5238761E-004, 1.0030238E+002
 4.0047364E+000, 2.1555107E-001, 1.0799287E-002, 1.3288300E-002, 2.9053686E-003, 2.1936554E-008, 2.3984002E-004, 1.3970063E+002
 5.0029896E+000, 2.1179623E-001, 1.3820378E-002, 1.4863794E-002, 3.3174322E-003, 1.0130138E-008, 2.9936523E-004, 1.6796952E+002
 6.0041605E+000, 2.0728158E-001, 1.7514483E-002, 1.6733084E-002, 3.8009163E-003, 1.0582374E-008, 3.7125306E-004, 1.9977793E+002
 7.0007751E+000, 2.0119576E-001, 2.3405424E-002, 1.9043598E-002, 3.4742217E-003, 2.2597896E-008, 4.5935387E-004, 2.4110561E+002
 8.0050792E+000, 1.9582476E-001, 2.9154751E-002, 2.0973622E-002, 2.7680254E-003, 2.4945580E-008, 5.3279348E-004, 2.7743606E+002
 9.0052611E+000, 1.8971083E-001, 3.5782587E-002, 2.3163261E-002, 1.8115104E-003, 2.6214388E-008, 6.1611818E-004, 3.1715987E+002
 1.0005596E+001, 1.8233756E-001, 4.3835955E-002, 2.5999938E-002, 8.2821241E-004, 4.3115131E-008, 7.2216219E-004, 3.6047090E+002
 1.1004804E+001, 1.7683887E-001, 4.9539515E-002, 2.7992569E-002, 2.3812680E-004, 2.5892891E-008, 7.9799135E-004, 3.8754396E+002
 1.2004617E+001, 1.6858889E-001, 5.7444078E-002, 3.1364308E-002, 6.6659840E-005, 6.2791382E-008, 9.2316322E-004, 4.2065587E+002
 1.3006109E+001, 1.6337611E-001, 6.2059387E-002, 3.3259088E-002, 1.7631893E-005, 3.8099496E-008, 9.9528762E-004, 4.3082614E+002
 1.4004271E+001, 1.5615470E-001, 6.8869840E-002, 3.6214972E-002, 1.4666760E-005, 7.3890130E-008, 1.1065537E-003, 4.4892123E+002
 1.5002448E+001, 1.4928645E-001, 7.4975960E-002, 3.8818489E-002, 1.5775643E-005, 1.6097336E-007, 1.2051200E-003, 4.6349934E+002
 1.6009648E+001, 1.4125143E-001, 8.2384235E-002, 4.2021021E-002, 1.5803814E-005, 2.2059146E-007, 1.3261430E-003, 4.7550384E+002
 1.7008358E+001, 1.3624705E-001, 8.6723116E-002, 4.3853877E-002, 9.8879498E-006, 1.6523371E-007, 1.3948105E-003, 4.7634727E+002
 1.8009939E+001, 1.2967344E-001, 9.3033880E-002, 4.6578778E-002, 1.2070441E-005, 2.2062260E-007, 1.4988446E-003, 4.8449677E+002
 1.9003534E+001, 1.2611743E-001, 9.5888804E-002, 4.7728530E-002, 7.7336507E-006, 1.0858493E-007, 1.5420926E-003, 4.8066280E+002
 2.0006714E+001, 1.1960304E-001, 1.0198101E-001, 5.0463162E-002, 9.8414429E-006, 1.9889425E-007, 1.6441540E-003, 4.9117816E+002
 2.1005848E+001, 1.1638854E-001, 1.0477239E-001, 5.1610845E-002, 5.8447616E-006, 8.0007665E-008, 1.6877350E-003, 4.8533888E+002
 2.2002859E+001, 1.0986997E-001, 1.1098598E-001, 5.4272142E-002, 1.9407472E-005, 3.7616242E-007, 1.7892499E-003, 4.9373979E+002
 2.3000690E+001, 1.0690091E-001, 1.1327452E-001, 5.5305957E-002, 1.0891754E-005, 2.3793657E-007, 1.8264948E-003, 4.9221134E+002
 2.4001466E+001, 1.0268689E-001, 1.1702522E-001, 5.6845545E-002, 5.4862799E-006, 6.7062436E-008, 1.8849873E-003, 4.8923530E+002
 2.5004903E+001, 1.0118444E-001, 1.1812399E-001, 5.7381549E-002, 5.7193002E-006, 1.0154481E-007, 1.9040809E-003, 4.8272240E+002
 2.6010489E+001, 9.6180172E-002, 1.2269706E-001, 5.9335868E-002, 1.8379678E-005, 4.0655578E-007, 1.9790071E-003, 4.8988830E+002
 2.7006748E+001, 9.1777023E-002, 1.2701935E-001, 6.1202232E-002, 1.7820237E-005, 4.2338043E-007, 2.0484104E-003, 4.9274856E+002
 2.8004958E+001, 8.8548547E-002, 1.2987135E-001, 6.2454593E-002, 1.6888472E-005, 2.5556121E-007, 2.0948788E-003, 4.9060280E+002
 2.9010686E+001, 8.5191633E-002, 1.3292361E-001, 6.3775589E-002, 9.7808279E-006, 1.7175650E-007, 2.1447860E-003, 4.9396855E+002
 3.0006377E+001, 8.1761101E-002, 1.3615226E-001, 6.5140637E-002, 7.4773930E-006, 9.4588184E-008, 2.1960960E-003, 4.9312630E+002
 3.1010714E+001, 7.7139290E-002, 1.4035915E-001, 6.7011712E-002, 1.7820903E-005, 2.3682739E-007, 2.2676954E-003, 4.9759908E+002
 3.2003865E+001, 7.5633495E-002, 1.4171232E-001, 6.7557572E-002, 6.4069643E-006, 1.0113078E-007, 2.2862826E-003, 4.9135247E+002
 3.3005465E+001, 7.1895324E-002, 1.4511300E-001, 6.8998715E-002, 1.3116372E-005, 2.4399550E-007, 2.3405743E-003, 4.9090145E+002
 3.4011048E+001, 6.8665722E-002, 1.4815412E-001, 7.0355484E-002, 1.2149627E-005, 1.3162838E-007, 2.3920065E-003, 4.9106466E+002
 3.5005273E+001, 6.7243904E-002, 1.4941352E-001, 7.0894309E-002, 9.8803379E-006, 1.6338344E-007, 2.4114123E-003, 4.8549020E+002
 3.6008685E+001, 6.1615550E-002, 1.5456426E-001, 7.3113898E-002, 4.4674572E-005, 6.9952694E-007, 2.4962582E-003, 4.9980074E+002
 3.7004248E+001, 6.1622110E-002, 1.5460874E-001, 7.3133472E-002, 8.0192900E-006, 8.5773536E-008, 2.4958232E-003, 4.8872282E+002
 3.8001235E+001, 5.8690978E-002, 1.5719443E-001, 7.4248107E-002, 1.0145755E-005, 1.2531773E-007, 2.5378058E-003, 4.8808234E+002
 3.9003876E+001, 5.5916268E-002, 1.5992921E-001, 7.5438037E-002, 2.3387882E-005, 2.3434452E-007, 2.5828656E-003, 4.8780479E+002
 4.0000531E+001, 4.9711805E-002, 1.6571589E-001, 7.7921816E-002, 5.0237092E-005, 4.1338774E-007, 2.6768424E-003, 4.9975934E+002
 4.1005641E+001, 4.8115461E-002, 1.6710340E-001, 7.8486572E-002, 2.3406058E-005, 2.0785068E-007, 2.6979329E-003, 4.9641801E+002
 4.2007237E+001, 4.5574096E-002, 1.6931825E-001, 7.9445844E-002, 2.2329457E-005, 2.5474779E-007, 2.7339067E-003, 4.9554625E+002
 4.3002958E+001, 4.3276510E-002, 1.7146496E-001, 8.0404886E-002, 3.9408997E-005, 5.1768930E-007, 2.7701379E-003, 4.9584996E+002
 4.4007599E+001, 4.0388711E-002, 1.7419695E-001, 8.1589461E-002, 3.2660271E-005, 2.8233022E-007, 2.8151633E-003, 4.9808517E+002
 4.5004064E+001, 3.6273299E-002, 1.7779379E-001, 8.3098512E-002, 1.6852643E-004, 2.3252773E-006, 2.8727973E-003, 5.0464788E+002
 4.6010666E+001, 3.6903683E-002, 1.7750155E-001, 8.2947784E-002, 1.4223190E-005, 9.6124257E-008, 2.8656706E-003, 4.8784665E+002
 4.7010655E+001, 3.3572212E-002, 1.8035917E-001, 8.4257536E-002, 5.5898661E-005, 3.7990549E-007, 2.9150328E-003, 4.9534262E+002
 4.8009682E+001, 2.9974208E-002, 1.8353683E-001, 8.5670015E-002, 1.8719106E-004, 2.5390069E-006, 2.9688024E-003, 5.0351030E+002
 4.9010876E+001, 2.8517956E-002, 1.8504126E-001, 8.6226258E-002, 3.5107668E-005, 1.7160654E-007, 2.9892180E-003, 4.9520251E+002
 5.0010826E+001, 2.6417414E-002, 1.8680999E-001, 8.7088321E-002, 1.3436676E-004, 1.1275614E-006, 3.0213324E-003, 4.9884604E+002
 5.1012787E+001, 2.5168426E-002, 1.8821239E-001, 8.7557155E-002, 4.9324168E-005, 3.1556508E-007, 3.0390979E-003, 4.9525300E+002
 5.2007913E+001, 2.1851087E-002, 1.9106892E-001, 8.8937365E-002, 1.7000345E-004, 1.5190316E-006, 3.0910548E-003, 4.9975341E+002
 5.3004963E+001, 2.0108238E-002, 1.9267441E-001, 8.9604609E-002, 1.3439828E-004, 1.4800861E-006, 3.1158967E-003, 5.0017338E+002
 5.4003540E+001, 1.8003604E-002, 1.9451182E-001, 9.0505358E-002, 1.7594341E-004, 4.3316657E-006, 3.1496917E-003, 5.0341965E+002
 5.5010130E+001, 1.5505607E-002, 1.9662043E-001, 9.1462120E-002, 2.5651752E-004, 4.3766133E-005, 3.1858215E-003, 5.0757709E+002
 5.6007422E+001, 1.4018452E-002, 1.9822651E-001, 9.2062233E-002, 2.6671994E-004, 1.2351422E-004, 3.2088810E-003, 5.0220579E+002
 5.7006016E+001, 1.2010932E-002, 2.0006906E-001, 9.2772426E-002, 2.3522961E-004, 5.8312158E-005, 3.2351637E-003, 5.0365640E+002
 5.8012101E+001, 1.1304785E-002, 2.0069629E-001, 9.3108657E-002, 1.6462795E-004, 8.7063488E-005, 3.2476901E-003, 4.9550848E+002
 5.9008539E+001, 9.5830177E-003, 2.0220001E-001, 9.3787483E-002, 2.6898733E-004, 1.0121972E-004, 3.2732511E-003, 4.9860653E+002
 6.0012423E+001, 5.8815693E-003, 2.0491296E-001, 9.5361450E-002, 8.7645165E-004, 5.1411510E-004, 3.3329009E-003, 5.1411432E+002
 6.1000243E+001, 3.8495253E-003, 2.0700681E-001, 9.6119091E-002, 6.5301058E-004, 6.9245187E-004, 3.3610107E-003, 5.0824984E+002
 6.2000694E+001, 4.7518576E-003, 2.0631502E-001, 9.5664802E-002, 5.0808838E-004, 6.1440922E-004, 3.3439971E-003, 4.9776024E+002
 6.3005071E+001, 3.1358100E-003, 2.0718415E-001, 9.6442982E-002, 9.7918150E-004, 1.2133831E-003, 3.3731651E-003, 5.0176318E+002
 6.4006027E+001, 2.1816569E-003, 2.0742831E-001, 9.6942422E-002, 1.6689100E-003, 1.5086593E-003, 3.3923023E-003, 4.9969459E+002
 6.5006046E+001, 1.5367740E-003, 2.0714729E-001, 9.7293074E-002, 2.3828050E-003, 1.9122275E-003, 3.4053763E-003, 4.9505991E+002
 6.6007297E+001, 1.0172409E-003, 2.0750383E-001, 9.7529010E-002, 2.4378368E-003, 1.9779661E-003, 3.4139959E-003, 4.9017729E+002
 6.7004547E+001, 7.1717386E-004, 2.0780717E-001, 9.7685959E-002, 2.4361101E-003, 2.1257018E-003, 3.4199178E-003, 4.8306709E+002
 6.8005959E+001, 6.1815015E-004, 2.0701966E-001, 9.7836401E-002, 3.2196208E-003, 2.8120677E-003, 3.4257236E-003, 4.7845051E+002
 6.9005236E+001, 3.5245109E-004, 2.0594078E-001, 9.8081303E-002, 4.4183772E-003, 3.0478909E-003, 3.4351031E-003, 4.8179139E+002
 7.0006575E+001, 6.4239246E-005, 2.0484052E-001, 9.8507072E-002, 5.7057594E-003, 3.4417238E-003, 3.4508817E-003, 4.7247065E+002
 7.1002759E+001, 7.6563177E-006, 2.0416873E-001, 9.8682870E-002, 6.3276190E-003, 3.7865975E-003, 3.4575654E-003, 4.6865545E+002
 7.2012508E+001, 4.2743195E-005, 2.0511076E-001, 9.8558318E-002, 5.5033068E-003, 3.2636960E-003, 3.4529087E-003, 4.6979526E+002
 7.3003867E+001, 5.5347864E-006, 2.0325019E-001, 9.8803031E-002, 7.1305372E-003, 4.5122984E-003, 3.4623697E-003, 4.6281973E+002
 7.4012049E+001, 2.2466897E-007, 2.0097852E-001, 9.9279234E-002, 9.2093845E-003, 5.0127631E-003, 3.4803780E-003, 4.5934416E+002
 7.5004386E+001, 7.0136975E-007, 2.0031475E-001, 9.9358636E-002, 9.8113384E-003, 5.3876262E-003, 3.4835080E-003, 4.5312825E+002
 7.6011735E+001, 2.3951999E-006, 2.0131390E-001, 9.9271138E-002, 9.1083223E-003, 4.5428989E-003, 3.4798240E-003, 4.5702293E+002
 7.7000017E+001, 1.2931183E-006, 2.0215467E-001, 9.9196329E-002, 8.2953708E-003, 3.8642424E-003, 3.4769024E-003, 4.5742279E+002
 7.8004725E+001, 4.4552686E-007, 2.0130706E-001, 9.9371957E-002, 9.1371814E-003, 4.0360244E-003, 3.4836042E-003, 4.5327953E+002
 7.9014063E+001, 1.2232865E-007, 1.9898402E-001, 9.9655853E-002, 1.1103665E-002, 5.2843487E-003, 3.4948703E-003, 4.4855871E+002
 8.0003842E+001, 2.3398604E-007, 1.9890497E-001, 9.9652260E-002, 1.1275359E-002, 5.3793129E-003, 3.4949667E-003, 4.4444888E+002
 8.1000353E+001, 4.0270475E-007, 1.9795819E-001, 9.9731593E-002, 1.1998817E-002, 6.0111139E-003, 3.4984890E-003, 4.4247204E+002
 8.2007713E+001, 2.6118436E-007, 1.9760408E-001, 9.9740779E-002, 1.2255734E-002, 6.4307684E-003, 3.4991225E-003, 4.3847418E+002
 8.3010897E+001, 9.4049948E-007, 1.9817632E-001, 9.9592594E-002, 1.1740315E-002, 6.7712323E-003, 3.4939210E-003, 4.3871034E+002
 8.4005637E+001, 8.8495931E-007, 1.9741482E-001, 9.9630297E-002, 1.2233450E-002, 7.2254203E-003, 3.4956242E-003, 4.4076670E+002
 8.5012684E+001, 6.4429135E-007, 1.9779450E-001, 9.9575681E-002, 1.1909607E-002, 7.4264522E-003, 3.4934994E-003, 4.4217909E+002
 8.6006319E+001, 4.3388852E-006, 1.9992536E-001, 9.9201238E-002, 1.0027588E-002, 6.8188867E-003, 3.4792938E-003, 4.4399926E+002
 8.7006432E+001, 1.3909312E-005, 2.0102499E-001, 9.8842884E-002, 8.7689135E-003, 7.4769289E-003, 3.4664329E-003, 4.5063373E+002
 8.8009771E+001, 1.0140638E-004, 2.0173070E-001, 9.8540939E-002, 7.9064708E-003, 7.8945785E-003, 3.4554491E-003, 4.5636023E+002
 8.9003715E+001, 8.7506560E-005, 2.0426991E-001, 9.8005242E-002, 5.3494591E-003, 7.9064124E-003, 3.4352774E-003, 4.5980378E+002
 9.0006683E+001, 5.2325179E-004, 2.0524403E-001, 9.7602738E-002, 4.0637119E-003, 7.7567690E-003, 3.4196651E-003, 4.6524115E+002
 9.1002550E+001, 1.3737901E-003, 2.0759089E-001, 9.6812903E-002, 1.4296215E-003, 6.6745114E-003, 3.3893550E-003, 4.6804352E+002
 9.2002339E+001, 2.5055819E-003, 2.0694158E-001, 9.6131963E-002, 7.8290734E-004, 6.6850009E-003, 3.3636168E-003, 4.6129250E+002
 9.3008087E+001, 1.8944052E-003, 2.0687012E-001, 9.6209405E-002, 8.7402493E-004, 8.1134514E-003, 3.3675817E-003, 4.6519166E+002
 9.4000365E+001, 1.2976064E-003, 2.0626930E-001, 9.6118942E-002, 1.2539593E-003, 1.1032931E-002, 3.3656276E-003, 4.6794824E+002
 9.5014725E+001, 1.5036119E-003, 2.0702276E-001, 9.6031830E-002, 7.1421503E-004, 9.6677111E-003, 3.3614783E-003, 4.6938528E+002
 9.6006614E+001, 2.2396927E-003, 2.0694328E-001, 9.5911837E-002, 6.6561745E-004, 7.5305184E-003, 3.3563586E-003, 4.8194387E+002
 9.7005360E+001, 4.1315939E-003, 2.0603352E-001, 9.5277306E-002, 2.3780725E-004, 5.0515395E-003, 3.3307274E-003, 4.9582545E+002
 9.8015793E+001, 5.5746389E-003, 2.0488520E-001, 9.4807298E-002, 2.0839644E-004, 3.0011464E-003, 3.3136559E-003, 5.0724418E+002
 9.9016047E+001, 6.5966627E-003, 2.0457777E-001, 9.4608503E-002, 5.3809874E-005, 2.3032132E-003, 3.3055484E-003, 5.0625119E+002
 1.0001831E+002, 7.7795119E-003, 2.0358383E-001, 9.4151799E-002, 4.7133037E-005, 2.1914673E-003, 3.2879313E-003, 5.0334751E+002
 1.0100824E+002, 7.0762382E-003, 2.0355815E-001, 9.4194600E-002, 1.8003714E-004, 3.3047892E-003, 3.2910126E-003, 5.0298341E+002
 1.0201291E+002, 8.1299497E-003, 2.0290116E-001, 9.3948795E-002, 2.2718915E-004, 2.2935724E-003, 3.2814969E-003, 5.1268804E+002
 1.0300092E+002, 6.2825167E-003, 2.0448722E-001, 9.4559417E-002, 1.3098356E-004, 2.2152838E-003, 3.3042676E-003, 5.1371769E+002
 1.0400429E+002, 6.7807264E-003, 2.0402041E-001, 9.4333576E-002, 9.4467737E-005, 1.9546603E-003, 3.2960862E-003, 5.0795038E+002
 1.0501154E+002, 8.0541723E-003, 2.0316818E-001, 9.3928139E-002, 4.9416421E-005, 1.2721244E-003, 3.2798690E-003, 5.0895795E+002
 1.0601570E+002, 7.7224528E-003, 2.0357291E-001, 9.4109471E-002, 2.9295282E-005, 8.8658616E-004, 3.2869876E-003, 5.0975507E+002
 1.0700489E+002, 8.5039646E-003, 2.0289052E-001, 9.3832980E-002, 5.0310254E-005, 8.6655669E-004, 3.2763627E-003, 5.0794528E+002
 1.0801016E+002, 9.0145259E-003, 2.0229089E-001, 9.3667318E-002, 1.4151339E-004, 1.0651784E-003, 3.2707123E-003, 5.1064258E+002
 1.0901166E+002, 9.9184529E-003, 2.0141095E-001, 9.3206760E-002, 5.5447541E-005, 7.3608467E-004, 3.2526834E-003, 5.0741288E+002
 1.1001360E+002, 9.5821700E-003, 2.0176163E-001, 9.3328793E-002, 3.4087701E-005, 6.1674770E-004, 3.2569131E-003, 5.0355948E+002
 1.1100611E+002, 1.1610925E-002, 1.9994474E-001, 9.2548516E-002, 2.0343453E-005, 5.4264679E-004, 3.2278221E-003, 4.9640901E+002
 1.1200555E+002, 1.1318848E-002, 2.0033065E-001, 9.2721836E-002, 2.9830329E-005, 3.8020727E-004, 3.2337264E-003, 4.9884796E+002
 1.1300110E+002, 9.7014026E-003, 2.0168399E-001, 9.3321235E-002, 2.9664342E-005, 5.5826876E-004, 3.2569191E-003, 4.9849540E+002
 1.1400088E+002, 1.0677015E-002, 2.0082310E-001, 9.2932810E-002, 2.4555411E-005, 3.8485567E-004, 3.2419764E-003, 4.9452043E+002
 1.1501416E+002, 1.1006636E-002, 2.0045466E-001, 9.2820615E-002, 1.0352564E-004, 2.5574882E-004, 3.2372829E-003, 4.9906920E+002
 1.1600147E+002, 1.1326207E-002, 2.0024621E-001, 9.2680729E-002, 2.5536102E-005, 4.9519510E-004, 3.2323421E-003, 4.9357216E+002
 1.1700554E+002, 1.2935190E-002, 1.9862177E-001, 9.2006297E-002, 2.3730767E-005, 3.8655982E-004, 3.2069854E-003, 4.8954523E+002
 1.1801211E+002, 1.2033367E-002, 1.9961307E-001, 9.2414494E-002, 3.5644716E-005, 3.8114579E-004, 3.2228527E-003, 4.9436585E+002
 1.1900829E+002, 1.1757542E-002, 2.0001837E-001, 9.2630630E-002, 3.6777646E-005, 4.1051681E-004, 3.2308417E-003, 4.8701823E+002
 1.2000252E+002, 1.1679808E-002, 1.9987495E-001, 9.2534179E-002, 2.5926516E-005, 5.8119106E-004, 3.2267834E-003, 4.8090164E+002
 1.2100575E+002, 1.2092254E-002, 1.9958761E-001, 9.2448086E-002, 6.0830701E-005, 5.3066840E-004, 3.2232403E-003, 4.9081268E+002
 1.2200176E+002, 1.0488378E-002, 2.0100974E-001, 9.3075696E-002, 7.0547791E-005, 7.0092564E-004, 3.2473548E-003, 4.8884574E+002
 1.2300841E+002, 9.4094836E-003, 2.0192306E-001, 9.3469228E-002, 6.1280908E-005, 8.6652918E-004, 3.2623698E-003, 4.8866850E+002
 1.2401188E+002, 8.2412205E-003, 2.0293588E-001, 9.3865331E-002, 5.7716713E-005, 1.0634241E-003, 3.2771026E-003, 4.9377462E+002
 1.2500149E+002, 8.3440854E-003, 2.0284420E-001, 9.3849231E-002, 4.0811310E-005, 8.3577089E-004, 3.2760097E-003, 4.8668115E+002
 1.2600786E+002, 7.8505354E-003, 2.0331299E-001, 9.4032808E-002, 6.5608081E-005, 1.1289684E-003, 3.2829743E-003, 4.8745406E+002
 1.2700052E+002, 7.3299056E-003, 2.0371990E-001, 9.4228154E-002, 4.6161139E-005, 1.4897458E-003, 3.2904071E-003, 4.8235075E+002
 1.2801042E+002, 6.2298021E-003, 2.0426639E-001, 9.4620607E-002, 2.1757228E-004, 2.5613472E-003, 3.3054896E-003, 4.7714688E+002
 1.2900348E+002, 4.4447082E-003, 2.0570197E-001, 9.5219597E-002, 2.2019990E-004, 3.6137341E-003, 3.3282727E-003, 4.7839199E+002
 1.3001303E+002, 4.6862109E-003, 2.0554001E-001, 9.5099760E-002, 1.0711328E-004, 3.4703688E-003, 3.3238229E-003, 4.6719001E+002
 1.3100330E+002, 3.8689220E-003, 2.0612727E-001, 9.5398850E-002, 2.5308037E-004, 3.9801575E-003, 3.3353893E-003, 4.6316004E+002
 1.3200377E+002, 2.7265800E-003, 2.0610591E-001, 9.5917546E-002, 9.4771588E-004, 4.8123043E-003, 3.3550552E-003, 4.6685709E+002
 1.3301048E+002, 2.0867954E-003, 2.0591227E-001, 9.6287329E-002, 1.6910802E-003, 5.5440764E-003, 3.3691508E-003, 4.6554518E+002
 1.3401214E+002, 1.4360760E-003, 2.0438919E-001, 9.6800307E-002, 3.5714739E-003, 7.1650709E-003, 3.3886859E-003, 4.6011196E+002
 1.3501163E+002, 9.4015076E-004, 2.0209539E-001, 9.7529268E-002, 5.9766428E-003, 7.8041889E-003, 3.4161754E-003, 4.6186272E+002
 1.3600423E+002, 6.0172157E-004, 2.0363675E-001, 9.7446453E-002, 4.9427805E-003, 7.0070852E-003, 3.4129161E-003, 4.6093075E+002
 1.3700403E+002, 3.3812328E-004, 2.0445817E-001, 9.7484645E-002, 4.5539882E-003, 6.7616309E-003, 3.4142897E-003, 4.6420604E+002
 1.3800904E+002, 9.0289641E-005, 2.0402133E-001, 9.7548058E-002, 4.9831412E-003, 8.1907990E-003, 3.4171487E-003, 4.6259177E+002
 1.3900882E+002, 2.0283905E-004, 2.0401866E-001, 9.7565340E-002, 4.8843683E-003, 7.7801817E-003, 3.4176585E-003, 4.5993785E+002
 1.4000675E+002, 3.5407093E-004, 2.0549445E-001, 9.7329976E-002, 3.5918340E-003, 6.4989510E-003, 3.4082676E-003, 4.5780620E+002
 1.4101331E+002, 2.1374330E-004, 2.0472518E-001, 9.7573157E-002, 4.4357303E-003, 7.0167895E-003, 3.4175188E-003, 4.5501722E+002
 1.4200445E+002, 3.5013824E-005, 2.0234411E-001, 9.7939033E-002, 6.4936035E-003, 8.7994599E-003, 3.4315104E-003, 4.5095566E+002
 1.4300361E+002, 5.1985134E-006, 2.0259479E-001, 9.7936227E-002, 6.4546528E-003, 8.6765384E-003, 3.4314754E-003, 4.4969405E+002
 1.4401248E+002, 1.9092982E-005, 2.0386801E-001, 9.7648844E-002, 5.0496483E-003, 8.4787937E-003, 3.4204200E-003, 4.5342234E+002
 1.4500451E+002, 5.4731081E-005, 2.0445626E-001, 9.7429513E-002, 4.4655795E-003, 9.3650037E-003, 3.4126511E-003, 4.5228430E+002
 1.4600106E+002, 8.5223695E-004, 2.0480936E-001, 9.6750398E-002, 3.2779555E-003, 8.8646942E-003, 3.3874185E-003, 4.4859494E+002
 1.4700911E+002, 1.8680506E-003, 2.0536934E-001, 9.6223533E-002, 1.9997636E-003, 8.2219190E-003, 3.3675151E-003, 4.5558661E+002
 1.4800581E+002, 2.6262055E-003, 2.0572419E-001, 9.5716243E-002, 8.9720262E-004, 8.1788603E-003, 3.3479560E-003, 4.5270097E+002
 1.4900519E+002, 2.9473875E-003, 2.0573555E-001, 9.5564439E-002, 6.1108336E-004, 8.8361724E-003, 3.3417542E-003, 4.5699171E+002
 1.5000524E+002, 3.3445456E-003, 2.0536580E-001, 9.5273281E-002, 4.4816611E-004, 9.2940375E-003, 3.3312194E-003, 4.4831507E+002
 1.5100890E+002, 3.1882222E-003, 2.0462554E-001, 9.5040881E-002, 6.6475075E-004, 1.1916538E-002, 3.3234865E-003, 4.4528208E+002
 1.5201694E+002, 3.9897511E-003, 2.0427677E-001, 9.4678968E-002, 3.8237627E-004, 1.1617689E-002, 3.3097711E-003, 4.3597927E+002
 1.5301474E+002, 2.8531201E-003, 2.0466721E-001, 9.5076824E-002, 7.1217738E-004, 1.3362837E-002, 3.3250156E-003, 4.3260819E+002
 1.5400111E+002, 2.8101708E-003, 2.0450291E-001, 9.5038153E-002, 7.7624711E-004, 1.3476430E-002, 3.3234588E-003, 4.3194014E+002
 1.5500055E+002, 2.0821251E-003, 2.0488036E-001, 9.5424048E-002, 1.0840675E-003, 1.3596995E-002, 3.3379862E-003, 4.4168427E+002
 1.5601132E+002, 2.6612386E-003, 2.0485838E-001, 9.5150356E-002, 6.6045590E-004, 1.2747723E-002, 3.3277244E-003, 4.4130526E+002
 1.5700348E+002, 1.9104749E-003, 2.0524440E-001, 9.5464935E-002, 1.0159673E-003, 1.3379528E-002, 3.3395499E-003, 4.5663239E+002
 1.5800305E+002, 2.0669190E-003, 2.0560919E-001, 9.5450724E-002, 7.7865325E-004, 1.2175018E-002, 3.3387518E-003, 4.7104003E+002
 1.5900450E+002, 1.8478423E-003, 2.0598742E-001, 9.5822582E-002, 9.9817534E-004, 1.0711907E-002, 3.3523813E-003, 4.8335722E+002
 1.6000321E+002, 2.2620136E-003, 2.0657115E-001, 9.5698293E-002, 4.7830984E-004, 7.9015345E-003, 3.3472398E-003, 4.9554725E+002
 1.6100633E+002, 2.8397866E-003, 2.0640081E-001, 9.5388212E-002, 1.0806859E-004, 6.3980428E-003, 3.3359019E-003, 4.9227575E+002
 1.6201305E+002, 4.0777943E-003, 2.0532356E-001, 9.4955390E-002, 1.3646522E-004, 4.7234011E-003, 3.3185013E-003, 4.9959343E+002
 1.6300340E+002, 5.0407461E-003, 2.0525637E-001, 9.4893361E-002, 8.1595396E-005, 3.3371874E-003, 3.3156107E-003, 5.0680171E+002
 1.6401047E+002, 4.8359218E-003, 2.0566618E-001, 9.5047434E-002, 5.9724467E-005, 2.7418533E-003, 3.3215473E-003, 5.1087758E+002
 1.6500981E+002, 5.3328476E-003, 2.0491062E-001, 9.4842472E-002, 1.5923260E-004, 2.7674225E-003, 3.3136639E-003, 5.1338654E+002
 1.6600848E+002, 3.2430954E-003, 2.0558310E-001, 9.5776140E-002, 1.0164311E-003, 4.7409291E-003, 3.3500495E-003, 5.1271864E+002
 1.6700299E+002, 4.2095525E-003, 2.0529549E-001, 9.5097135E-002, 4.1467488E-004, 4.4418192E-003, 3.3247956E-003, 5.0410000E+002
 1.6800482E+002, 6.1734688E-003, 2.0372776E-001, 9.4351044E-002, 2.8192899E-004, 3.0730829E-003, 3.2960495E-003, 5.0747862E+002
 1.6901466E+002, 9.4604218E-003, 2.0091447E-001, 9.3094108E-002, 1.4829485E-004, 2.2232743E-003, 3.2474989E-003, 5.0658495E+002
 1.7001455E+002, 1.0294680E-002, 2.0073065E-001, 9.2932662E-002, 6.0847061E-005, 1.0423092E-003, 3.2408541E-003, 5.0839509E+002
 1.7101089E+002, 7.9053209E-003, 2.0295665E-001, 9.3889782E-002, 6.8028287E-005, 1.3843196E-003, 3.2778423E-003, 5.1262691E+002
 1.7200889E+002, 7.2266348E-003, 2.0313067E-001, 9.4013907E-002, 9.3725878E-005, 1.3214043E-003, 3.2827584E-003, 5.1323978E+002
 1.7300729E+002, 7.3349958E-003, 2.0311773E-001, 9.4005217E-002, 8.2666450E-005, 1.0566179E-003, 3.2824603E-003, 5.1132292E+002
 1.7401438E+002, 8.0736706E-003, 2.0269042E-001, 9.3807127E-002, 1.2506151E-004, 9.0674246E-004, 3.2741552E-003, 5.1073238E+002
 1.7500913E+002, 9.0217477E-003, 2.0196297E-001, 9.3482250E-002, 1.1851152E-004, 1.0770893E-003, 3.2627256E-003, 5.0321292E+002
 1.7600088E+002, 8.2614557E-003, 2.0221213E-001, 9.3817721E-002, 3.9691490E-004, 1.8039741E-003, 3.2761081E-003, 4.9940816E+002
 1.7700002E+002, 6.6367430E-003, 2.0376917E-001, 9.4277674E-002, 8.5383894E-005, 1.8140761E-003, 3.2930398E-003, 4.9683305E+002
 1.7801492E+002, 6.2132086E-003, 2.0436239E-001, 9.4553726E-002, 1.3201256E-004, 1.4741003E-003, 3.3027858E-003, 5.0157376E+002
 1.7901493E+002, 5.7897581E-003, 2.0462255E-001, 9.4698107E-002, 1.9211487E-004, 1.9917773E-003, 3.3081198E-003, 4.9621254E+002
 1.8000763E+002, 4.9723972E-003, 2.0486447E-001, 9.4934298E-002, 3.1332606E-004, 2.7835344E-003, 3.3175406E-003, 4.9323515E+002
 1.8100428E+002, 5.4071780E-003, 2.0464056E-001, 9.4672255E-002, 1.2457636E-004, 2.5436813E-003, 3.3077764E-003, 4.8722229E+002
 1.8200005E+002, 4.9914123E-003, 2.0502534E-001, 9.4908621E-002, 2.3784396E-004, 2.6645417E-003, 3.3162140E-003, 4.8623073E+002
 1.8300220E+002, 3.4942277E-003, 2.0611758E-001, 9.5378545E-002, 2.5086158E-004, 3.8612444E-003, 3.3342678E-003, 4.8542993E+002
 1.8401477E+002, 3.2093578E-003, 2.0637103E-001, 9.5460266E-002, 1.8547063E-004, 4.3207956E-003, 3.3372137E-003, 4.7815796E+002
 1.8500713E+002, 2.9325743E-003, 2.0633207E-001, 9.5508057E-002, 3.5189277E-004, 4.8202693E-003, 3.3390744E-003, 4.7431044E+002
 1.8600974E+002, 2.2378330E-003, 2.0690553E-001, 9.5821247E-002, 4.1857713E-004, 5.0636503E-003, 3.3508341E-003, 4.6993085E+002
 1.8700669E+002, 1.5811344E-003, 2.0671679E-001, 9.6154784E-002, 9.6557099E-004, 5.9843147E-003, 3.3638062E-003, 4.6895135E+002
 1.8800476E+002, 6.4199195E-004, 2.0629081E-001, 9.6673210E-002, 2.0363419E-003, 7.2333771E-003, 3.3833919E-003, 4.6452864E+002
 1.8900012E+002, 3.1641081E-004, 2.0540354E-001, 9.6959858E-002, 3.0383273E-003, 7.2700239E-003, 3.3942942E-003, 4.5975518E+002
 1.9000379E+002, 2.6541025E-004, 2.0585330E-001, 9.7005639E-002, 2.9341171E-003, 6.5732707E-003, 3.3956174E-003, 4.5175782E+002
 1.9100219E+002, 4.2784260E-004, 2.0582569E-001, 9.6999287E-002, 2.8032967E-003, 6.0823028E-003, 3.3954667E-003, 4.5261858E+002
 1.9200553E+002, 6.8741630E-005, 2.0243990E-001, 9.7712394E-002, 6.0789435E-003, 8.3945558E-003, 3.4234835E-003, 4.5275381E+002
 1.9301084E+002, 2.3054407E-006, 2.0181673E-001, 9.7796617E-002, 6.6840009E-003, 8.8062773E-003, 3.4259420E-003, 4.5333005E+002
 1.9400661E+002, 1.4090473E-005, 2.0308427E-001, 9.7749646E-002, 5.7355426E-003, 7.4292282E-003, 3.4235593E-003, 4.5417707E+002
 1.9500795E+002, 3.7476169E-005, 2.0399133E-001, 9.7537087E-002, 4.9341706E-003, 7.2104573E-003, 3.4157118E-003, 4.5207815E+002
 1.9601003E+002, 3.9296146E-005, 2.0330880E-001, 9.7465479E-002, 5.3070820E-003, 8.5805914E-003, 3.4134981E-003, 4.5253614E+002
 1.9700514E+002, 1.5427889E-004, 2.0400805E-001, 9.7409749E-002, 4.6354652E-003, 8.0898141E-003, 3.4114117E-003, 4.5626583E+002
 1.9800102E+002, 1.4445222E-004, 2.0474537E-001, 9.7332964E-002, 4.1337012E-003, 7.6228048E-003, 3.4082951E-003, 4.5914471E+002
 1.9900486E+002, 2.0411011E-004, 2.0514572E-001, 9.7167739E-002, 3.5253840E-003, 8.1254739E-003, 3.4022179E-003, 4.5440598E+002
 2.0001196E+002, 2.4273841E-004, 2.0370602E-001, 9.7086875E-002, 4.3661269E-003, 1.0809631E-002, 3.3999424E-003, 4.5484205E+002
 2.0100452E+002, 1.2152750E-004, 2.0384106E-001, 9.6999375E-002, 4.1915877E-003, 1.1378403E-002, 3.3971621E-003, 4.5741443E+002
 2.0200229E+002, 1.1403955E-003, 2.0519942E-001, 9.6394657E-002, 2.4561015E-003, 1.0086323E-002, 3.3739852E-003, 4.5746996E+002
 2.0301316E+002, 2.1858600E-003, 2.0579248E-001, 9.5807734E-002, 1.1598573E-003, 8.7717000E-003, 3.3516805E-003, 4.6544537E+002
 2.0401227E+002, 2.8878403E-003, 2.0583737E-001, 9.5573217E-002, 6.9474550E-004, 7.3807221E-003, 3.3416104E-003, 4.7241364E+002
 2.0501355E+002, 3.1430200E-003, 2.0626014E-001, 9.5578263E-002, 4.0342935E-004, 6.5781410E-003, 3.3415317E-003, 4.8211386E+002
 2.0600178E+002, 4.5097628E-003, 2.0549334E-001, 9.5038548E-002, 9.2198954E-005, 5.2794770E-003, 3.3208197E-003, 4.7825417E+002
 2.0701600E+002, 3.9552432E-003, 2.0572790E-001, 9.5183901E-002, 1.7146869E-004, 4.8202395E-003, 3.3266373E-003, 4.9716330E+002
 2.0801058E+002, 4.4943945E-003, 2.0556088E-001, 9.5023588E-002, 1.1529137E-004, 3.6869494E-003, 3.3217066E-003, 5.0348848E+002
 2.0901659E+002, 6.8177078E-003, 2.0376798E-001, 9.4256735E-002, 7.0697009E-005, 2.1956821E-003, 3.2913344E-003, 5.1141010E+002
 2.1001018E+002, 5.6632385E-003, 2.0481766E-001, 9.4759898E-002, 1.2825853E-004, 2.1664509E-003, 3.3103627E-003, 5.1272978E+002
 2.1101003E+002, 5.8043208E-003, 2.0446174E-001, 9.4598924E-002, 1.1750088E-004, 2.4624534E-003, 3.3048270E-003, 5.0635043E+002
 2.1200632E+002, 7.6725130E-003, 2.0276377E-001, 9.3884802E-002, 1.5200160E-004, 2.0317586E-003, 3.2779864E-003, 5.1129990E+002
 2.1301285E+002, 7.0254232E-003, 2.0330150E-001, 9.4260301E-002, 2.8698822E-004, 1.5635739E-003, 3.2910346E-003, 5.1860965E+002
 2.1401073E+002, 7.9366776E-003, 2.0277323E-001, 9.3810030E-002, 5.0416045E-005, 1.1693409E-003, 3.2747566E-003, 5.0772711E+002
 2.1500202E+002, 9.8010322E-003, 2.0126507E-001, 9.3179064E-002, 5.7384770E-005, 6.9401293E-004, 3.2505087E-003, 5.1131271E+002
 2.1600373E+002, 9.5815451E-003, 2.0145407E-001, 9.3286904E-002, 6.5820419E-005, 6.5426055E-004, 3.2548298E-003, 5.0961411E+002
 2.1700716E+002, 1.0454261E-002, 2.0070505E-001, 9.3001256E-002, 1.3984443E-004, 1.0173040E-003, 3.2438302E-003, 5.0860649E+002
 2.1800338E+002, 1.0581488E-002, 2.0040922E-001, 9.2776461E-002, 4.7857244E-005, 1.2598822E-003, 3.2356960E-003, 5.0029324E+002
 2.1900670E+002, 9.7289802E-003, 2.0109171E-001, 9.3089201E-002, 3.2838617E-005, 9.9954267E-004, 3.2479146E-003, 4.9471099E+002
 2.2000202E+002, 9.4181287E-003, 2.0161160E-001, 9.3304783E-002, 2.8648263E-005, 8.9360763E-004, 3.2557039E-003, 4.9015707E+002
 2.2100798E+002, 9.0031632E-003, 2.0190864E-001, 9.3433290E-002, 5.1498898E-005, 1.0416321E-003, 3.2606095E-003, 4.9433155E+002
 2.2200746E+002, 7.3153518E-003, 2.0350618E-001, 9.4156799E-002, 7.7706955E-005, 1.2081211E-003, 3.2878416E-003, 4.9776078E+002
 2.2300886E+002, 6.1695109E-003, 2.0435724E-001, 9.4543730E-002, 1.0895064E-004, 1.5768051E-003, 3.3024427E-003, 4.9801219E+002
 2.2401300E+002, 6.4141374E-003, 2.0422842E-001, 9.4473318E-002, 6.5905113E-005, 1.6280734E-003, 3.2995859E-003, 4.8631153E+002
 2.2500522E+002, 5.3506842E-003, 2.0474084E-001, 9.4739242E-002, 1.3865099E-004, 2.6935544E-003, 3.3103626E-003, 4.8589011E+002
 2.2601100E+002, 4.7721652E-003, 2.0537089E-001, 9.4948700E-002, 1.1070874E-004, 2.7045601E-003, 3.3178639E-003, 4.8511085E+002
 2.2700802E+002, 5.3002989E-003, 2.0473723E-001, 9.4672876E-002, 8.8443728E-005, 2.9117141E-003, 3.3079512E-003, 4.8125334E+002
 2.2800501E+002, 5.5232175E-003, 2.0447984E-001, 9.4590056E-002, 1.1009189E-004, 2.9227042E-003, 3.3048050E-003, 4.7812133E+002
 2.2900320E+002, 4.8193124E-003, 2.0504378E-001, 9.4876858E-002, 1.7024997E-004, 3.9443822E-003, 3.3153536E-003, 4.7656046E+002
 2.3000845E+002, 3.9224773E-003, 2.0562931E-001, 9.5237716E-002, 3.2822797E-004, 4.3827992E-003, 3.3285220E-003, 4.7499680E+002
 2.3101030E+002, 2.9147231E-003, 2.0604413E-001, 9.5712927E-002, 7.2147398E-004, 4.7576032E-003, 3.3464026E-003, 4.7299242E+002
 2.3200945E+002, 2.7162186E-003, 2.0641334E-001, 9.5751857E-002, 5.7726704E-004, 4.6537234E-003, 3.3481406E-003, 4.6378800E+002
 2.3300672E+002, 2.3479653E-003, 2.0633268E-001, 9.6025066E-002, 9.1715840E-004, 4.4662338E-003, 3.3581218E-003, 4.6442991E+002
 2.3400739E+002, 1.6031937E-003, 2.0622401E-001, 9.6340488E-002, 1.4653870E-003, 5.4053091E-003, 3.3699799E-003, 4.6254510E+002
 2.3501023E+002, 1.1722554E-003, 2.0665892E-001, 9.6459696E-002, 1.4847128E-003, 6.1469058E-003, 3.3749594E-003, 4.6019779E+002
 2.3601341E+002, 6.0025087E-004, 2.0643892E-001, 9.6725740E-002, 1.9252740E-003, 7.1719985E-003, 3.3850338E-003, 4.5328439E+002
 2.3700596E+002, 7.0122597E-004, 2.0454530E-001, 9.6808145E-002, 3.4474534E-003, 9.2572766E-003, 3.3888395E-003, 4.4844240E+002
 2.3800662E+002, 1.1674672E-003, 2.0363713E-001, 9.6814792E-002, 3.9423975E-003, 8.7858503E-003, 3.3885970E-003, 4.4175873E+002
 2.3900989E+002, 9.5537556E-004, 2.0271962E-001, 9.7085083E-002, 4.8829977E-003, 8.9367570E-003, 3.3987562E-003, 4.3927478E+002
 2.4000985E+002, 1.0502387E-003, 2.0185015E-001, 9.7086402E-002, 5.5062175E-003, 9.7993319E-003, 3.3993169E-003, 4.3510479E+002
 2.4100275E+002, 9.0480556E-004, 2.0224617E-001, 9.7275791E-002, 5.4687897E-003, 8.9620962E-003, 3.4061987E-003, 4.4456051E+002
 2.4200076E+002, 5.5173930E-004, 2.0219049E-001, 9.7562134E-002, 6.0256966E-003, 8.6209319E-003, 3.4170415E-003, 4.4490615E+002
 2.4301091E+002, 4.9288069E-004, 2.0279808E-001, 9.7491050E-002, 5.5466430E-003, 8.6937167E-003, 3.4144114E-003, 4.4845582E+002
 2.4401089E+002, 3.1348360E-004, 2.0306373E-001, 9.7592840E-002, 5.4874591E-003, 8.5076119E-003, 3.4181217E-003, 4.5445570E+002
 2.4500464E+002, 3.2850986E-004, 2.0396629E-001, 9.7318379E-002, 4.7464931E-003, 8.7036953E-003, 3.4078892E-003, 4.5295867E+002
 2.4600210E+002, 3.2990693E-004, 2.0447469E-001, 9.7073813E-002, 4.0632960E-003, 9.7838445E-003, 3.3990849E-003, 4.5900070E+002
 2.4700876E+002, 1.6699887E-004, 2.0500561E-001, 9.6931440E-002, 3.3695045E-003, 1.0848510E-002, 3.3942711E-003, 4.6320497E+002
 2.4800314E+002, 6.0363782E-004, 2.0605096E-001, 9.6538969E-002, 2.2022981E-003, 1.0169421E-002, 3.3790853E-003, 4.7047811E+002
 2.4900214E+002, 2.6705390E-003, 2.0542230E-001, 9.5762829E-002, 1.1866795E-003, 8.5936108E-003, 3.3492784E-003, 4.7415001E+002
 2.5000113E+002, 3.8911736E-003, 2.0493117E-001, 9.5222388E-002, 7.2264508E-004, 6.9011020E-003, 3.3290568E-003, 4.7980055E+002
 2.5100798E+002, 3.6417979E-003, 2.0516639E-001, 9.5381931E-002, 8.3322250E-004, 6.7109744E-003, 3.3347264E-003, 4.9309935E+002
 2.5200253E+002, 3.5727557E-003, 2.0588310E-001, 9.5303748E-002, 2.4481960E-004, 5.3340469E-003, 3.3320256E-003, 4.9860013E+002
 2.5301119E+002, 4.4454092E-003, 2.0572422E-001, 9.5156318E-002, 1.2452404E-004, 3.3640242E-003, 3.3254705E-003, 5.0699578E+002
 2.5401474E+002, 4.0831259E-003, 2.0554515E-001, 9.5349393E-002, 5.3413032E-004, 3.3666827E-003, 3.3332302E-003, 5.0973743E+002
 2.5501409E+002, 3.9001292E-003, 2.0566548E-001, 9.5406580E-002, 4.6289147E-004, 3.3307800E-003, 3.3353378E-003, 5.1207175E+002
 2.5600910E+002, 6.4237164E-003, 2.0404014E-001, 9.4466676E-002, 1.5085106E-004, 2.7161327E-003, 3.2997776E-003, 5.1445569E+002
 2.5700729E+002, 8.7493799E-003, 2.0239052E-001, 9.3607262E-002, 3.2517789E-005, 1.8527479E-003, 3.2667909E-003, 5.0258522E+002
 2.5800539E+002, 9.5696430E-003, 2.0153458E-001, 9.3297737E-002, 7.2144848E-005, 1.6581245E-003, 3.2560311E-003, 5.0256554E+002
 2.5901236E+002, 1.2279264E-002, 1.9904781E-001, 9.2263511E-002, 5.2756153E-005, 1.2826315E-003, 3.2152757E-003, 5.0726047E+002
 2.6001403E+002, 1.0548406E-002, 2.0070399E-001, 9.2949396E-002, 5.0211821E-005, 1.1205583E-003, 3.2420311E-003, 5.0524000E+002
 2.6101433E+002, 1.1588354E-002, 1.9982908E-001, 9.2584128E-002, 4.2925408E-005, 7.7934821E-004, 3.2274846E-003, 5.0897131E+002
 2.6201618E+002, 1.0620718E-002, 2.0057335E-001, 9.2914920E-002, 8.6771625E-005, 5.9075747E-004, 3.2399516E-003, 5.1243688E+002
 2.6301650E+002, 1.0375839E-002, 2.0068639E-001, 9.2930894E-002, 5.0826835E-005, 6.9459033E-004, 3.2411800E-003, 5.0887112E+002
 2.6400091E+002, 1.1941924E-002, 1.9933075E-001, 9.2324552E-002, 2.0521773E-005, 5.2848060E-004, 3.2183417E-003, 5.0384680E+002
 2.6500988E+002, 1.2656180E-002, 1.9891801E-001, 9.2133133E-002, 3.1219046E-005, 3.4388229E-004, 3.2105789E-003, 5.0045119E+002
 2.6600054E+002, 1.1316427E-002, 2.0004364E-001, 9.2662822E-002, 4.6129144E-005, 5.2711886E-004, 3.2311640E-003, 4.9381402E+002
 2.6700461E+002, 9.5734103E-003, 2.0151929E-001, 9.3271460E-002, 6.8209897E-005, 7.0702479E-004, 3.2545103E-003, 4.9814876E+002
 2.6801481E+002, 1.0294004E-002, 2.0092865E-001, 9.3028579E-002, 4.4182532E-005, 5.8172054E-004, 3.2451689E-003, 4.9908514E+002
 2.6901124E+002, 1.2395331E-002, 1.9910264E-001, 9.2243784E-002, 1.5472030E-005, 3.1425508E-004, 3.2147229E-003, 4.9275837E+002
 2.7000899E+002, 1.1260526E-002, 1.9997089E-001, 9.2701079E-002, 1.3580183E-004, 3.9842321E-004, 3.2324635E-003, 5.0039229E+002
 2.7100310E+002, 9.8035821E-003, 2.0127319E-001, 9.3228393E-002, 8.2995560E-005, 9.1452341E-004, 3.2525893E-003, 4.9938487E+002
 2.7200725E+002, 1.0149115E-002, 2.0101437E-001, 9.3086916E-002, 4.9877354E-005, 7.0040645E-004, 3.2468282E-003, 4.9467488E+002
 2.7301405E+002, 1.0290473E-002, 2.0086181E-001, 9.2985417E-002, 4.3606424E-005, 4.5669169E-004, 3.2434456E-003, 4.9848043E+002
 2.7400585E+002, 1.2421133E-002, 1.9921598E-001, 9.2301997E-002, 2.9042338E-005, 3.8116969E-004, 3.2174149E-003, 4.9256926E+002
 2.7500277E+002, 1.2161416E-002, 1.9942562E-001, 9.2379189E-002, 2.9199960E-005, 2.4469041E-004, 3.2209291E-003, 4.9085290E+002
 2.7600149E+002, 1.3455279E-002, 1.9813677E-001, 9.1833758E-002, 2.9470412E-005, 2.9621985E-004, 3.1999800E-003, 4.9206220E+002
 2.7701404E+002, 1.3609909E-002, 1.9779859E-001, 9.1685618E-002, 2.5182033E-005, 3.3822350E-004, 3.1945775E-003, 4.8965931E+002
 2.7801191E+002, 1.2435402E-002, 1.9889024E-001, 9.2170111E-002, 5.6396817E-005, 4.1952638E-004, 3.2124932E-003, 4.9055420E+002
 2.7900484E+002, 1.2089394E-002, 1.9937246E-001, 9.2410963E-002, 1.3183852E-004, 5.3116142E-004, 3.2216080E-003, 4.9339186E+002
 2.8001492E+002, 1.0876761E-002, 2.0034636E-001, 9.2881435E-002, 1.3399901E-004, 1.1582773E-003, 3.2394110E-003, 4.9719425E+002
 2.8100450E+002, 1.0725577E-002, 2.0062862E-001, 9.2904924E-002, 4.2712368E-005, 7.5757731E-004, 3.2399043E-003, 4.9119136E+002
 2.8200150E+002, 1.1937778E-002, 1.9960485E-001, 9.2438816E-002, 4.4951726E-005, 5.8674886E-004, 3.2218893E-003, 4.8876765E+002
 2.8300377E+002, 1.1585839E-002, 1.9977500E-001, 9.2580969E-002, 7.7687913E-005, 6.7628505E-004, 3.2280774E-003, 4.8735957E+002
 2.8401040E+002, 9.3473328E-003, 2.0172956E-001, 9.3433776E-002, 1.3341470E-004, 1.1352187E-003, 3.2601236E-003, 4.8845931E+002
 2.8500194E+002, 8.6161059E-003, 2.0222185E-001, 9.3610557E-002, 7.7590899E-005, 1.2704536E-003, 3.2665385E-003, 4.9141075E+002
 2.8600273E+002, 8.8539245E-003, 2.0218244E-001, 9.3580588E-002, 6.9907909E-005, 7.9733237E-004, 3.2651127E-003, 4.9008446E+002
 2.8701252E+002, 7.2445469E-003, 2.0355730E-001, 9.4176294E-002, 9.4808363E-005, 1.0909643E-003, 3.2881237E-003, 4.9383060E+002
 2.8800768E+002, 6.6074277E-003, 2.0403493E-001, 9.4401703E-002, 9.4847402E-005, 1.7009901E-003, 3.2966348E-003, 4.8698375E+002
 2.8900348E+002, 6.0930728E-003, 2.0441160E-001, 9.4599382E-002, 1.9096273E-004, 1.9959479E-003, 3.3039913E-003, 4.8447106E+002
 2.9000510E+002, 5.6767646E-003, 2.0487693E-001, 9.4773172E-002, 1.5236992E-004, 1.9972734E-003, 3.3101319E-003, 4.9067036E+002
 2.9101490E+002, 6.1176260E-003, 2.0451035E-001, 9.4617929E-002, 7.9051547E-005, 2.0869818E-003, 3.3043005E-003, 4.8550559E+002
 2.9200857E+002, 7.1613218E-003, 2.0353401E-001, 9.4167797E-002, 6.4274510E-005, 1.7601935E-003, 3.2872133E-003, 4.8104850E+002
 2.9301734E+002, 6.0886284E-003, 2.0446185E-001, 9.4600742E-002, 8.9468512E-005, 2.2199342E-003, 3.3034478E-003, 4.7754708E+002
 2.9400456E+002, 4.1455036E-003, 2.0558454E-001, 9.5307651E-002, 3.2658426E-004, 3.8348008E-003, 3.3311775E-003, 4.8326592E+002
 2.9501292E+002, 4.0580171E-003, 2.0572730E-001, 9.5193487E-002, 1.0581979E-004, 4.2872613E-003, 3.3267660E-003, 4.6937423E+002
 2.9600003E+002, 2.9629405E-003, 2.0617694E-001, 9.5576618E-002, 4.4542919E-004, 5.0813529E-003, 3.3413084E-003, 4.7125775E+002
 2.9701315E+002, 2.1877920E-003, 2.0678411E-001, 9.5819976E-002, 4.3066990E-004, 6.0291077E-003, 3.3505339E-003, 4.7242412E+002
 2.9801314E+002, 1.7926882E-003, 2.0723371E-001, 9.5967714E-002, 4.6708204E-004, 6.0503737E-003, 3.3565338E-003, 4.7029728E+002
 2.9900712E+002, 1.2086486E-003, 2.0727024E-001, 9.6322727E-002, 8.9365792E-004, 6.1488234E-003, 3.3697168E-003, 4.6977989E+002
 3.0000174E+002, 3.1746943E-004, 2.0710320E-001, 9.6786895E-002, 1.6324063E-003, 7.0219618E-003, 3.3872563E-003, 4.6562284E+002
 3.0100709E+002, 1.1237475E-004, 2.0657160E-001, 9.7038609E-002, 2.3537977E-003, 6.9428237E-003, 3.3967588E-003, 4.5871705E+002
 3.0200597E+002, 2.1643953E-004, 2.0573106E-001, 9.7115643E-002, 3.1853709E-003, 7.8113361E-003, 3.3994293E-003, 4.5212160E+002
 3.0301445E+002, 9.9470084E-005, 2.0524671E-001, 9.7174479E-002, 3.4740040E-003, 8.2156078E-003, 3.4015211E-003, 4.4958025E+002
 3.0400866E+002, 4.1516599E-004, 2.0526477E-001, 9.7004320E-002, 3.1935348E-003, 8.3875988E-003, 3.3954069E-003, 4.4377461E+002
 3.0501192E+002, 2.9191975E-004, 2.0422721E-001, 9.7171762E-002, 4.1895148E-003, 9.0371896E-003, 3.4019771E-003, 4.4325356E+002
 3.0600552E+002, 1.7597914E-004, 2.0338099E-001, 9.7444748E-002, 5.1825774E-003, 9.0204363E-003, 3.4121753E-003, 4.4850061E+002
 3.0700887E+002, 2.5413606E-005, 2.0351498E-001, 9.7520255E-002, 5.2477043E-003, 8.8656740E-003, 3.4149281E-003, 4.4817967E+002
 3.0800478E+002, 3.6581223E-005, 2.0289150E-001, 9.7465426E-002, 5.5084888E-003, 9.9425277E-003, 3.4136453E-003, 4.5080513E+002
 3.0900331E+002, 2.3686478E-005, 2.0361614E-001, 9.7254776E-002, 4.6950431E-003, 1.0546865E-002, 3.4055189E-003, 4.5169642E+002
 3.1000450E+002, 1.3286670E-004, 2.0412873E-001, 9.7122488E-002, 4.2252027E-003, 1.0298534E-002, 3.4007367E-003, 4.4886488E+002
 3.1100420E+002, 1.9002777E-004, 2.0455794E-001, 9.7026501E-002, 3.7655705E-003, 1.0202912E-002, 3.3968225E-003, 4.5748570E+002
 3.1200516E+002, 9.3170686E-004, 2.0581793E-001, 9.6498723E-002, 2.1054502E-003, 8.7879645E-003, 3.3766349E-003, 4.5822722E+002
 3.1300314E+002, 1.9418436E-003, 2.0597700E-001, 9.5972043E-002, 1.1747642E-003, 8.2073595E-003, 3.3566472E-003, 4.5836910E+002
 3.1400630E+002, 2.7460515E-003, 2.0600678E-001, 9.5443983E-002, 3.7233566E-004, 8.5381859E-003, 3.3366964E-003, 4.6215913E+002
 3.1500921E+002, 2.2488139E-003, 2.0630886E-001, 9.5602487E-002, 2.9296246E-004, 9.3264423E-003, 3.3431514E-003, 4.6545880E+002
 3.1600305E+002, 2.0544543E-003, 2.0616426E-001, 9.5604362E-002, 4.2709617E-004, 9.4604399E-003, 3.3434145E-003, 4.6628406E+002
 3.1700774E+002, 2.1306167E-003, 2.0662321E-001, 9.5727139E-002, 4.5592434E-004, 7.4807324E-003, 3.3472804E-003, 4.8375063E+002
 3.1800349E+002, 3.2592323E-003, 2.0609748E-001, 9.5324726E-002, 1.5251960E-004, 5.0326511E-003, 3.3319960E-003, 4.9458977E+002
 3.1900933E+002, 4.6547768E-003, 2.0550254E-001, 9.5003824E-002, 6.2236220E-005, 2.6533971E-003, 3.3196073E-003, 5.0668214E+002
 3.2000864E+002, 4.7461169E-003, 2.0521645E-001, 9.4979784E-002, 1.6076927E-004, 2.7026533E-003, 3.3189935E-003, 5.1244238E+002
 3.2100810E+002, 4.4224389E-003, 2.0534247E-001, 9.5074229E-002, 1.6418985E-004, 3.9315202E-003, 3.3225603E-003, 5.0883682E+002
 3.2200121E+002, 3.9998361E-003, 2.0554906E-001, 9.5054369E-002, 9.2217899E-005, 4.0772980E-003, 3.3222783E-003, 5.0598600E+002
 3.2301610E+002, 7.2053036E-003, 2.0294481E-001, 9.3904554E-002, 6.3504504E-005, 2.6171329E-003, 3.2791949E-003, 5.0183372E+002
 3.2400955E+002, 8.7741957E-003, 2.0191165E-001, 9.3427436E-002, 3.5604859E-005, 1.5360100E-003, 3.2602380E-003, 5.0276663E+002
 3.2500000E+002, 9.7194369E-003, 2.0131986E-001, 9.3187824E-002, 4.6325019E-005, 1.0694190E-003, 3.2506734E-003, 5.1061713E+002
