s,m,,
Time,xT,x,flag val
 0.0000000E+000, 2.5000000E-002, 2.5000000E-002, 1.0000000E+000
 1.0093789E+000, 1.6643781E-001, 1.6643781E-001, 1.0000000E+000
 2.0081723E+000, 7.6844032E-002, 7.6844032E-002, 1.0000000E+000
 3.0015412E+000, 4.4116373E-002, 4.4116373E-002, 1.0000000E+000
 4.0016095E+000, 3.2002799E-002, 3.2002799E-002, 1.0000000E+000
 5.0056927E+000, 2.7555531E-002, 2.7555531E-002, 1.0000000E+000
 6.0013753E+000, 2.5941087E-002, 2.5941087E-002, 1.0000000E+000
 7.0000799E+000, 2.5345548E-002, 2.5345548E-002, 1.0000000E+000
 8.0009041E+000, 2.5126575E-002, 2.5126575E-002, 1.0000000E+000
 9.0068670E+000, 3.0039181E-002, 3.0039181E-002, 1.0000000E+000
 1.0006605E+001, 2.8856974E-002, 2.8856974E-002, 1.0000000E+000
 1.1003838E+001, 2.8314282E-002, 2.8314282E-002, 1.0000000E+000
 1.2002183E+001, 2.8737099E-002, 2.8737099E-002, 1.0000000E+000
 1.3001551E+001, 5.3102128E-002, 5.3102128E-002, 1.0000000E+000
 1.4004895E+001, 6.2742660E-002, 6.2742660E-002, 1.0000000E+000
 1.5005471E+001, 6.2328124E-002, 6.2328124E-002, 1.0000000E+000
 1.6004394E+001, 5.8156254E-002, 5.8156254E-002, 1.0000000E+000
 1.7000026E+001, 7.1586172E-002, 7.1586172E-002, 1.0000000E+000
 1.8002890E+001, 9.3600663E-002, 9.3600663E-002, 1.0000000E+000
 1.9000881E+001, 8.4533925E-002, 8.4533925E-002, 1.0000000E+000
 2.0007206E+001, 7.3824872E-002, 7.3824872E-002, 1.0000000E+000
 2.1004848E+001, 7.0116848E-002, 7.0116848E-002, 1.0000000E+000
 2.2003060E+001, 6.3274284E-002, 6.3274284E-002, 1.0000000E+000
 2.3007480E+001, 6.9588164E-002, 6.9588164E-002, 1.0000000E+000
 2.4006029E+001, 6.0089140E-002, 6.0089140E-002, 1.0000000E+000
 2.5002243E+001, 6.6827515E-002, 6.6827515E-002, 1.0000000E+000
 2.6001471E+001, 6.6910467E-002, 6.6910467E-002, 1.0000000E+000
 2.7001068E+001, 7.1097329E-002, 7.1097329E-002, 1.0000000E+000
 2.8005192E+001, 7.0834207E-002, 7.0834207E-002, 1.0000000E+000
 2.9006464E+001, 7.3475759E-002, 7.3475759E-002, 1.0000000E+000
 3.0004640E+001, 7.3711619E-002, 7.3711619E-002, 1.0000000E+000
 3.1005868E+001, 7.3992356E-002, 7.3992356E-002, 1.0000000E+000
 3.2004868E+001, 6.8136025E-002, 6.8136025E-002, 1.0000000E+000
 3.3002140E+001, 6.4226678E-002, 6.4226678E-002, 1.0000000E+000
 3.4001713E+001, 4.4992923E-002, 4.4992923E-002, 1.0000000E+000
 3.5003950E+001, 3.4660831E-002, 3.4660831E-002, 1.0000000E+000
 3.6002200E+001, 4.7812783E-002, 4.7812783E-002, 1.0000000E+000
 3.7006516E+001, 4.2415919E-002, 4.2415919E-002, 1.0000000E+000
 3.8002195E+001, 4.5036232E-002, 4.5036232E-002, 1.0000000E+000
 3.9001553E+001, 4.0583500E-002, 4.0583500E-002, 1.0000000E+000
 4.0001788E+001, 3.3971668E-002, 3.3971668E-002, 1.0000000E+000
 4.1007595E+001, 3.3887168E-002, 3.3887168E-002, 1.0000000E+000
 4.2001625E+001, 2.8276014E-002, 2.8276014E-002, 1.0000000E+000
 4.3003079E+001, 3.7546938E-002, 3.7546938E-002, 1.0000000E+000
 4.4007853E+001, 2.9575270E-002, 2.9575270E-002, 1.0000000E+000
 4.5001708E+001, 2.9550304E-002, 2.9550304E-002, 1.0000000E+000
 4.6000369E+001, 2.6669370E-002, 2.6669370E-002, 1.0000000E+000
 4.7005425E+001, 2.5608507E-002, 2.5608507E-002, 1.0000000E+000
 4.8001004E+001, 2.5223954E-002, 2.5223954E-002, 1.0000000E+000
 4.9007434E+001, 2.5081542E-002, 2.5081542E-002, 1.0000000E+000
 5.0003156E+001, 2.5030010E-002, 2.5030010E-002, 1.0000000E+000
 5.1006454E+001, 2.5010959E-002, 2.5010959E-002, 1.0000000E+000
 5.2003892E+001, 2.5004025E-002, 2.5004025E-002, 1.0000000E+000
 5.3003233E+001, 2.5001476E-002, 2.5001476E-002, 1.0000000E+000
 5.4007453E+001, 2.5000538E-002, 2.5000538E-002, 1.0000000E+000
 5.5006235E+001, 2.5000198E-002, 2.5000198E-002, 1.0000000E+000
 5.6003108E+001, 2.5000073E-002, 2.5000073E-002, 1.0000000E+000
 5.7006109E+001, 2.5000027E-002, 2.5000027E-002, 1.0000000E+000
 5.8004268E+001, 2.5000010E-002, 2.5000010E-002, 1.0000000E+000
 5.9004969E+001, 2.5000004E-002, 2.5000004E-002, 1.0000000E+000
 6.0001490E+001, 2.5000001E-002, 2.5000001E-002, 1.0000000E+000
 6.1001452E+001, 2.5000000E-002, 2.5000000E-002, 1.0000000E+000
 6.2000755E+001, 6.8521131E-002, 0.0000000E+000, 0.0000000E+000
 6.3009422E+001, 1.1370112E-001, 0.0000000E+000, 0.0000000E+000
 6.4014629E+001, 1.2090415E-001, 0.0000000E+000, 0.0000000E+000
 6.5002767E+001, 1.2349056E-001, 0.0000000E+000, 0.0000000E+000
 6.6011071E+001, 9.7984379E-002, 0.0000000E+000, 0.0000000E+000
 6.7011308E+001, 8.3360563E-002, 0.0000000E+000, 0.0000000E+000
 6.8007842E+001, 7.8052668E-002, 0.0000000E+000, 0.0000000E+000
 6.9005546E+001, 6.9926673E-002, 0.0000000E+000, 0.0000000E+000
 7.0003158E+001, 1.1211540E-001, 0.0000000E+000, 0.0000000E+000
 7.1005933E+001, 9.6568795E-002, 0.0000000E+000, 0.0000000E+000
 7.2010005E+001, 1.1156214E-001, 0.0000000E+000, 0.0000000E+000
 7.3018647E+001, 9.4272487E-002, 0.0000000E+000, 0.0000000E+000
 7.4000873E+001, 8.2129001E-002, 0.0000000E+000, 0.0000000E+000
 7.5004712E+001, 7.7577537E-002, 0.0000000E+000, 0.0000000E+000
 7.6021761E+001, 9.3208184E-002, 0.0000000E+000, 0.0000000E+000
 7.7003124E+001, 8.8564486E-002, 0.0000000E+000, 0.0000000E+000
 7.8026332E+001, 8.6820525E-002, 0.0000000E+000, 0.0000000E+000
 7.9024509E+001, 7.9295436E-002, 0.0000000E+000, 0.0000000E+000
 8.0025444E+001, 1.0105495E-001, 0.0000000E+000, 0.0000000E+000
 8.1011579E+001, 1.1620205E-001, 0.0000000E+000, 0.0000000E+000
 8.2028810E+001, 1.2440828E-001, 0.0000000E+000, 0.0000000E+000
 8.3027802E+001, 1.5236732E-001, 0.0000000E+000, 0.0000000E+000
 8.4015042E+001, 1.0336748E-001, 0.0000000E+000, 0.0000000E+000
 8.5016973E+001, 8.5244732E-002, 0.0000000E+000, 0.0000000E+000
 8.6018904E+001, 7.8699819E-002, 0.0000000E+000, 0.0000000E+000
 8.7030531E+001, 7.6322822E-002, 0.0000000E+000, 0.0000000E+000
 8.8001574E+001, 7.5492648E-002, 0.0000000E+000, 0.0000000E+000
 8.9019299E+001, 7.4418983E-002, 0.0000000E+000, 0.0000000E+000
 9.0011365E+001, 7.4788147E-002, 0.0000000E+000, 0.0000000E+000
 9.1023534E+001, 7.4924217E-002, 0.0000000E+000, 0.0000000E+000
 9.2011165E+001, 7.4972210E-002, 0.0000000E+000, 0.0000000E+000
 9.3033122E+001, 7.4990165E-002, 0.0000000E+000, 0.0000000E+000
 9.4029669E+001, 7.4996430E-002, 0.0000000E+000, 0.0000000E+000
 9.5012929E+001, 7.4998687E-002, 0.0000000E+000, 0.0000000E+000
 9.6022075E+001, 8.3019302E-002, 0.0000000E+000, 0.0000000E+000
 9.7010410E+001, 7.7937088E-002, 0.0000000E+000, 0.0000000E+000
 9.8027438E+001, 7.6044250E-002, 0.0000000E+000, 0.0000000E+000
 9.9026932E+001, 7.5377114E-002, 0.0000000E+000, 0.0000000E+000
 1.0002993E+002, 7.5135597E-002, 0.0000000E+000, 0.0000000E+000
 1.0101461E+002, 7.5049762E-002, 0.0000000E+000, 0.0000000E+000
 1.0202143E+002, 7.5017835E-002, 0.0000000E+000, 0.0000000E+000
 1.0301095E+002, 7.5006503E-002, 0.0000000E+000, 0.0000000E+000
 1.0400047E+002, 7.5002371E-002, 0.0000000E+000, 0.0000000E+000
 1.0502805E+002, 7.5000832E-002, 0.0000000E+000, 0.0000000E+000
 1.0601757E+002, 7.5000303E-002, 0.0000000E+000, 0.0000000E+000
 1.0700709E+002, 7.5000111E-002, 0.0000000E+000, 0.0000000E+000
 1.0803467E+002, 7.5000039E-002, 0.0000000E+000, 0.0000000E+000
 1.0902419E+002, 7.5000014E-002, 0.0000000E+000, 0.0000000E+000
 1.1002513E+002, 7.9098808E-002, 0.0000000E+000, 0.0000000E+000
 1.1102987E+002, 8.1709156E-002, 0.0000000E+000, 0.0000000E+000
 1.1203275E+002, 7.7414434E-002, 0.0000000E+000, 0.0000000E+000
 1.1300286E+002, 7.5896079E-002, 0.0000000E+000, 0.0000000E+000
 1.1402072E+002, 7.5316698E-002, 0.0000000E+000, 0.0000000E+000
 1.1503858E+002, 7.5111930E-002, 0.0000000E+000, 0.0000000E+000
 1.1601465E+002, 7.5041321E-002, 0.0000000E+000, 0.0000000E+000
 1.1702791E+002, 7.5014674E-002, 0.0000000E+000, 0.0000000E+000
 1.1801106E+002, 7.5005367E-002, 0.0000000E+000, 0.0000000E+000
 1.1904424E+002, 7.5001868E-002, 0.0000000E+000, 0.0000000E+000
 1.2002643E+002, 7.5000684E-002, 0.0000000E+000, 0.0000000E+000
 1.2102628E+002, 7.5000247E-002, 0.0000000E+000, 0.0000000E+000
 1.2202613E+002, 7.5000089E-002, 0.0000000E+000, 0.0000000E+000
 1.2303397E+002, 7.5000032E-002, 0.0000000E+000, 0.0000000E+000
 1.2400183E+002, 7.5000012E-002, 0.0000000E+000, 0.0000000E+000
 1.2501367E+002, 8.1312940E-002, 0.0000000E+000, 0.0000000E+000
 1.2602552E+002, 1.0947775E-001, 0.0000000E+000, 0.0000000E+000
 1.2703736E+002, 9.7343658E-002, 0.0000000E+000, 0.0000000E+000
 1.2800521E+002, 8.3304151E-002, 0.0000000E+000, 0.0000000E+000
 1.2901706E+002, 7.7950511E-002, 0.0000000E+000, 0.0000000E+000
 1.3001638E+002, 7.6061026E-002, 0.0000000E+000, 0.0000000E+000
 1.3103039E+002, 7.5375730E-002, 0.0000000E+000, 0.0000000E+000
 1.3204440E+002, 7.5133053E-002, 0.0000000E+000, 0.0000000E+000
 1.3301231E+002, 7.5049393E-002, 0.0000000E+000, 0.0000000E+000
 1.3402632E+002, 7.5017491E-002, 0.0000000E+000, 0.0000000E+000
 1.3504033E+002, 7.5006194E-002, 0.0000000E+000, 0.0000000E+000
 1.3600825E+002, 7.5002299E-002, 0.0000000E+000, 0.0000000E+000
 1.3702226E+002, 7.5000814E-002, 0.0000000E+000, 0.0000000E+000
 1.3803627E+002, 7.5000288E-002, 0.0000000E+000, 0.0000000E+000
 1.3900418E+002, 7.5000107E-002, 0.0000000E+000, 0.0000000E+000
 1.4001819E+002, 7.5000038E-002, 0.0000000E+000, 0.0000000E+000
 1.4103220E+002, 7.5000013E-002, 0.0000000E+000, 0.0000000E+000
 1.4200012E+002, 7.5000005E-002, 0.0000000E+000, 0.0000000E+000
 1.4301413E+002, 7.5000002E-002, 0.0000000E+000, 0.0000000E+000
 1.4402814E+002, 7.5000001E-002, 0.0000000E+000, 0.0000000E+000
 1.4504215E+002, 7.5000000E-002, 0.0000000E+000, 0.0000000E+000
 1.4603288E+002, 7.5000000E-002, 0.0000000E+000, 0.0000000E+000
 1.4701149E+002, 7.5000000E-002, 0.0000000E+000, 0.0000000E+000
 1.4804292E+002, 7.5000000E-002, 0.0000000E+000, 0.0000000E+000
 1.4901084E+002, 7.5000000E-002, 0.0000000E+000, 0.0000000E+000
 1.5002484E+002, 7.5000000E-002, 0.0000000E+000, 0.0000000E+000
 1.5103885E+002, 7.5000000E-002, 0.0000000E+000, 0.0000000E+000
 1.5200260E+002, 7.5000000E-002, 0.0000000E+000, 0.0000000E+000
 1.5302438E+002, 7.5000000E-002, 0.0000000E+000, 0.0000000E+000
 1.5403214E+002, 7.5000000E-002, 0.0000000E+000, 0.0000000E+000
 1.5500005E+002, 7.5000000E-002, 0.0000000E+000, 0.0000000E+000
 1.5601406E+002, 7.5000000E-002, 0.0000000E+000, 0.0000000E+000
 1.5702807E+002, 7.5000000E-002, 0.0000000E+000, 0.0000000E+000
 1.5804208E+002, 7.5000000E-002, 0.0000000E+000, 0.0000000E+000
 1.5901000E+002, 7.5000000E-002, 0.0000000E+000, 0.0000000E+000
 1.6002401E+002, 7.5000000E-002, 0.0000000E+000, 0.0000000E+000
 1.6103801E+002, 7.5000000E-002, 0.0000000E+000, 0.0000000E+000
 1.6200593E+002, 7.5000000E-002, 0.0000000E+000, 0.0000000E+000
 1.6301994E+002, 7.5000000E-002, 0.0000000E+000, 0.0000000E+000
 1.6403395E+002, 7.5000000E-002, 0.0000000E+000, 0.0000000E+000
 1.6500187E+002, 7.5000000E-002, 0.0000000E+000, 0.0000000E+000
 1.6601588E+002, 7.5000000E-002, 0.0000000E+000, 0.0000000E+000
 1.6702988E+002, 7.5000000E-002, 0.0000000E+000, 0.0000000E+000
 1.6804389E+002, 7.5000000E-002, 0.0000000E+000, 0.0000000E+000
 1.6901181E+002, 1.2349590E-001, 0.0000000E+000, 0.0000000E+000
 1.7002582E+002, 1.0716613E-001, 0.0000000E+000, 0.0000000E+000
 1.7103983E+002, 8.6390649E-002, 0.0000000E+000, 0.0000000E+000
 1.7200775E+002, 7.9228549E-002, 0.0000000E+000, 0.0000000E+000
 1.7302175E+002, 6.2326688E-002, 0.0000000E+000, 0.0000000E+000
 1.7403576E+002, 8.3529271E-002, 0.0000000E+000, 0.0000000E+000
 1.7500368E+002, 7.8166320E-002, 0.0000000E+000, 0.0000000E+000
 1.7601769E+002, 7.6121255E-002, 0.0000000E+000, 0.0000000E+000
 1.7700223E+002, 4.7462989E-002, 0.0000000E+000, 0.0000000E+000
 1.7801623E+002, 7.1031143E-002, 0.0000000E+000, 0.0000000E+000
 1.7903024E+002, 7.3594551E-002, 0.0000000E+000, 0.0000000E+000
 1.8004425E+002, 7.4502303E-002, 0.0000000E+000, 0.0000000E+000
 1.8101217E+002, 7.4815240E-002, 0.0000000E+000, 0.0000000E+000
 1.8202618E+002, 7.4934573E-002, 0.0000000E+000, 0.0000000E+000
 1.8304019E+002, 7.0594819E-002, 0.0000000E+000, 0.0000000E+000
 1.8400811E+002, 7.3364665E-002, 0.0000000E+000, 0.0000000E+000
 1.8502211E+002, 7.4420896E-002, 0.0000000E+000, 0.0000000E+000
 1.8603612E+002, 6.0729928E-002, 0.0000000E+000, 0.0000000E+000
 1.8700404E+002, 5.1772748E-002, 0.0000000E+000, 0.0000000E+000
 1.8801805E+002, 7.6197686E-002, 0.0000000E+000, 0.0000000E+000
 1.8903206E+002, 1.0300670E-001, 0.0000000E+000, 0.0000000E+000
 1.9004607E+002, 1.1721175E-001, 0.0000000E+000, 0.0000000E+000
 1.9101398E+002, 9.6744875E-002, 0.0000000E+000, 0.0000000E+000
 1.9202799E+002, 8.2700282E-002, 0.0000000E+000, 0.0000000E+000
 1.9304200E+002, 7.7726819E-002, 0.0000000E+000, 0.0000000E+000
 1.9400992E+002, 7.6012277E-002, 0.0000000E+000, 0.0000000E+000
 1.9502393E+002, 7.5358467E-002, 0.0000000E+000, 0.0000000E+000
 1.9603794E+002, 7.5126940E-002, 0.0000000E+000, 0.0000000E+000
 1.9700585E+002, 7.5047124E-002, 0.0000000E+000, 0.0000000E+000
 1.9801986E+002, 1.0731072E-001, 0.0000000E+000, 0.0000000E+000
 1.9903387E+002, 1.1213595E-001, 0.0000000E+000, 0.0000000E+000
 2.0000179E+002, 8.8785974E-002, 0.0000000E+000, 0.0000000E+000
 2.0101580E+002, 7.9881881E-002, 0.0000000E+000, 0.0000000E+000
 2.0202981E+002, 7.6728769E-002, 0.0000000E+000, 0.0000000E+000
 2.0304382E+002, 7.5612191E-002, 0.0000000E+000, 0.0000000E+000
 2.0401173E+002, 7.5227263E-002, 0.0000000E+000, 0.0000000E+000
 2.0502574E+002, 7.5080478E-002, 0.0000000E+000, 0.0000000E+000
 2.0603975E+002, 7.5028499E-002, 0.0000000E+000, 0.0000000E+000
 2.0700767E+002, 7.5010580E-002, 0.0000000E+000, 0.0000000E+000
 2.0802168E+002, 7.5003746E-002, 0.0000000E+000, 0.0000000E+000
 2.0903569E+002, 7.5001327E-002, 0.0000000E+000, 0.0000000E+000
 2.1000360E+002, 7.5000493E-002, 0.0000000E+000, 0.0000000E+000
 2.1101761E+002, 7.5000174E-002, 0.0000000E+000, 0.0000000E+000
 2.1203162E+002, 7.5000062E-002, 0.0000000E+000, 0.0000000E+000
 2.1304563E+002, 7.5000022E-002, 0.0000000E+000, 0.0000000E+000
 2.1401355E+002, 7.5000008E-002, 0.0000000E+000, 0.0000000E+000
 2.1502756E+002, 7.5000003E-002, 0.0000000E+000, 0.0000000E+000
 2.1604157E+002, 7.5000001E-002, 0.0000000E+000, 0.0000000E+000
 2.1700948E+002, 7.5000000E-002, 0.0000000E+000, 0.0000000E+000
 2.1802349E+002, 5.3382567E-002, 0.0000000E+000, 0.0000000E+000
 2.1903750E+002, 3.5050818E-002, 0.0000000E+000, 0.0000000E+000
 2.2000542E+002, 5.5230567E-002, 0.0000000E+000, 0.0000000E+000
 2.2101943E+002, 6.7999260E-002, 0.0000000E+000, 0.0000000E+000
 2.2203344E+002, 7.2520902E-002, 0.0000000E+000, 0.0000000E+000
 2.2300135E+002, 7.4079685E-002, 0.0000000E+000, 0.0000000E+000
 2.2401536E+002, 7.4674099E-002, 0.0000000E+000, 0.0000000E+000
 2.2502937E+002, 7.4884592E-002, 0.0000000E+000, 0.0000000E+000
 2.2604338E+002, 7.4959132E-002, 0.0000000E+000, 0.0000000E+000
 2.2701130E+002, 7.4984828E-002, 0.0000000E+000, 0.0000000E+000
 2.2802531E+002, 7.4994627E-002, 0.0000000E+000, 0.0000000E+000
 2.2903931E+002, 7.4998097E-002, 0.0000000E+000, 0.0000000E+000
 2.3000723E+002, 7.4999294E-002, 0.0000000E+000, 0.0000000E+000
 2.3102124E+002, 7.4999750E-002, 0.0000000E+000, 0.0000000E+000
 2.3203525E+002, 7.4999911E-002, 0.0000000E+000, 0.0000000E+000
 2.3300317E+002, 7.4999967E-002, 0.0000000E+000, 0.0000000E+000
 2.3401718E+002, 7.4999988E-002, 0.0000000E+000, 0.0000000E+000
 2.3503118E+002, 7.4999996E-002, 0.0000000E+000, 0.0000000E+000
 2.3604519E+002, 7.4999999E-002, 0.0000000E+000, 0.0000000E+000
 2.3701311E+002, 7.4999999E-002, 0.0000000E+000, 0.0000000E+000
 2.3802712E+002, 7.5000000E-002, 0.0000000E+000, 0.0000000E+000
 2.3904113E+002, 7.5000000E-002, 0.0000000E+000, 0.0000000E+000
 2.4000905E+002, 7.5000000E-002, 0.0000000E+000, 0.0000000E+000
 2.4102305E+002, 7.5000000E-002, 0.0000000E+000, 0.0000000E+000
 2.4203706E+002, 7.5000000E-002, 0.0000000E+000, 0.0000000E+000
 2.4300498E+002, 7.5000000E-002, 0.0000000E+000, 0.0000000E+000
 2.4401899E+002, 7.5000000E-002, 0.0000000E+000, 0.0000000E+000
 2.4503300E+002, 7.5000000E-002, 0.0000000E+000, 0.0000000E+000
 2.4600092E+002, 7.5000000E-002, 0.0000000E+000, 0.0000000E+000
 2.4701492E+002, 7.5000000E-002, 0.0000000E+000, 0.0000000E+000
 2.4802893E+002, 7.5000000E-002, 0.0000000E+000, 0.0000000E+000
 2.4904294E+002, 7.5000000E-002, 0.0000000E+000, 0.0000000E+000
 2.5001086E+002, 7.5000000E-002, 0.0000000E+000, 0.0000000E+000
 2.5102487E+002, 7.5000000E-002, 0.0000000E+000, 0.0000000E+000
 2.5203888E+002, 7.5000000E-002, 0.0000000E+000, 0.0000000E+000
 2.5300679E+002, 7.5000000E-002, 0.0000000E+000, 0.0000000E+000
 2.5402080E+002, 7.5000000E-002, 0.0000000E+000, 0.0000000E+000
 2.5503481E+002, 7.5000000E-002, 0.0000000E+000, 0.0000000E+000
 2.5600273E+002, 7.5000000E-002, 0.0000000E+000, 0.0000000E+000
 2.5701674E+002, 7.5000000E-002, 0.0000000E+000, 0.0000000E+000
 2.5803075E+002, 7.5000000E-002, 0.0000000E+000, 0.0000000E+000
 2.5904476E+002, 7.5000000E-002, 0.0000000E+000, 0.0000000E+000
 2.6001267E+002, 7.5000000E-002, 0.0000000E+000, 0.0000000E+000
 2.6102668E+002, 7.5000000E-002, 0.0000000E+000, 0.0000000E+000
 2.6204069E+002, 7.5000000E-002, 0.0000000E+000, 0.0000000E+000
 2.6300861E+002, 7.5000000E-002, 0.0000000E+000, 0.0000000E+000
 2.6402262E+002, 4.3561494E-002, 0.0000000E+000, 0.0000000E+000
 2.6503663E+002, 5.3190418E-002, 0.0000000E+000, 0.0000000E+000
 2.6600454E+002, 6.6903632E-002, 0.0000000E+000, 0.0000000E+000
 2.6701855E+002, 7.2132919E-002, 0.0000000E+000, 0.0000000E+000
 2.6803256E+002, 7.3984711E-002, 0.0000000E+000, 0.0000000E+000
 2.6900048E+002, 7.4623094E-002, 0.0000000E+000, 0.0000000E+000
 2.7001449E+002, 7.1457470E-002, 0.0000000E+000, 0.0000000E+000
 2.7102850E+002, 5.2128088E-002, 0.0000000E+000, 0.0000000E+000
 2.7204251E+002, 3.4606582E-002, 0.0000000E+000, 0.0000000E+000
 2.7301042E+002, 5.2739767E-002, 0.0000000E+000, 0.0000000E+000
 2.7402443E+002, 6.7117219E-002, 0.0000000E+000, 0.0000000E+000
 2.7503844E+002, 7.2208554E-002, 0.0000000E+000, 0.0000000E+000
 2.7600636E+002, 7.3963732E-002, 0.0000000E+000, 0.0000000E+000
 2.7702037E+002, 7.4633037E-002, 0.0000000E+000, 0.0000000E+000
 2.7803438E+002, 7.4870051E-002, 0.0000000E+000, 0.0000000E+000
 2.7900229E+002, 7.4951759E-002, 0.0000000E+000, 0.0000000E+000
 2.8001630E+002, 7.4982917E-002, 0.0000000E+000, 0.0000000E+000
 2.8103031E+002, 7.4993951E-002, 0.0000000E+000, 0.0000000E+000
 2.8204432E+002, 7.4997858E-002, 0.0000000E+000, 0.0000000E+000
 2.8301224E+002, 7.4999205E-002, 0.0000000E+000, 0.0000000E+000
 2.8402625E+002, 7.4999718E-002, 0.0000000E+000, 0.0000000E+000
 2.8504025E+002, 7.4999900E-002, 0.0000000E+000, 0.0000000E+000
 2.8600817E+002, 7.4999963E-002, 0.0000000E+000, 0.0000000E+000
 2.8702218E+002, 7.4999987E-002, 0.0000000E+000, 0.0000000E+000
 2.8803619E+002, 7.4999995E-002, 0.0000000E+000, 0.0000000E+000
 2.8900411E+002, 7.4999998E-002, 0.0000000E+000, 0.0000000E+000
 2.9001812E+002, 7.4999999E-002, 0.0000000E+000, 0.0000000E+000
 2.9103212E+002, 7.5000000E-002, 0.0000000E+000, 0.0000000E+000
 2.9200004E+002, 7.5000000E-002, 0.0000000E+000, 0.0000000E+000
 2.9301405E+002, 7.5000000E-002, 0.0000000E+000, 0.0000000E+000
 2.9402806E+002, 7.5000000E-002, 0.0000000E+000, 0.0000000E+000
 2.9504207E+002, 7.5000000E-002, 0.0000000E+000, 0.0000000E+000
 2.9600999E+002, 7.5000000E-002, 0.0000000E+000, 0.0000000E+000
 2.9702400E+002, 7.5000000E-002, 0.0000000E+000, 0.0000000E+000
 2.9803800E+002, 7.5000000E-002, 0.0000000E+000, 0.0000000E+000
 2.9900592E+002, 7.5000000E-002, 0.0000000E+000, 0.0000000E+000
 3.0001993E+002, 7.5000000E-002, 0.0000000E+000, 0.0000000E+000
 3.0103394E+002, 7.5000000E-002, 0.0000000E+000, 0.0000000E+000
 3.0200186E+002, 7.5000000E-002, 0.0000000E+000, 0.0000000E+000
 3.0301587E+002, 6.6399703E-002, 0.0000000E+000, 0.0000000E+000
 3.0402987E+002, 3.9660438E-002, 0.0000000E+000, 0.0000000E+000
 3.0504388E+002, 3.7105242E-002, 0.0000000E+000, 0.0000000E+000
 3.0601180E+002, 1.1330088E-001, 0.0000000E+000, 0.0000000E+000
 3.0702581E+002, 1.3315732E-001, 0.0000000E+000, 0.0000000E+000
 3.0803982E+002, 1.2788867E-001, 0.0000000E+000, 0.0000000E+000
 3.0900774E+002, 1.2156945E-001, 0.0000000E+000, 0.0000000E+000
 3.1002174E+002, 1.1566466E-001, 0.0000000E+000, 0.0000000E+000
 3.1103575E+002, 8.9400146E-002, 0.0000000E+000, 0.0000000E+000
 3.1200367E+002, 8.0345764E-002, 0.0000000E+000, 0.0000000E+000
 3.1301768E+002, 7.6893039E-002, 0.0000000E+000, 0.0000000E+000
 3.1403169E+002, 7.5670362E-002, 0.0000000E+000, 0.0000000E+000
 3.1504570E+002, 7.5237388E-002, 0.0000000E+000, 0.0000000E+000
 3.1601361E+002, 7.5088126E-002, 0.0000000E+000, 0.0000000E+000
 3.1702762E+002, 7.5031207E-002, 0.0000000E+000, 0.0000000E+000
 3.1804163E+002, 7.5011051E-002, 0.0000000E+000, 0.0000000E+000
 3.1900955E+002, 7.5004102E-002, 0.0000000E+000, 0.0000000E+000
 3.2002356E+002, 7.5001453E-002, 0.0000000E+000, 0.0000000E+000
 3.2103757E+002, 7.5000514E-002, 0.0000000E+000, 0.0000000E+000
 3.2200548E+002, 7.5000191E-002, 0.0000000E+000, 0.0000000E+000
 3.2301949E+002, 7.5000068E-002, 0.0000000E+000, 0.0000000E+000
 3.2403350E+002, 7.5000024E-002, 0.0000000E+000, 0.0000000E+000
 3.2500142E+002, 7.5000009E-002, 0.0000000E+000, 0.0000000E+000
 3.2601543E+002, 7.5000003E-002, 0.0000000E+000, 0.0000000E+000
 3.2702944E+002, 7.5000001E-002, 0.0000000E+000, 0.0000000E+000
 3.2804345E+002, 7.5000000E-002, 0.0000000E+000, 0.0000000E+000
 3.2901136E+002, 7.5000000E-002, 0.0000000E+000, 0.0000000E+000
 3.3002537E+002, 7.5000000E-002, 0.0000000E+000, 0.0000000E+000
 3.3103938E+002, 7.5000000E-002, 0.0000000E+000, 0.0000000E+000
 3.3200730E+002, 7.5000000E-002, 0.0000000E+000, 0.0000000E+000
 3.3302131E+002, 7.5000000E-002, 0.0000000E+000, 0.0000000E+000
 3.3403532E+002, 7.5000000E-002, 0.0000000E+000, 0.0000000E+000
 3.3500323E+002, 7.5000000E-002, 0.0000000E+000, 0.0000000E+000
 3.3601724E+002, 7.5000000E-002, 0.0000000E+000, 0.0000000E+000
 3.3703125E+002, 7.5000000E-002, 0.0000000E+000, 0.0000000E+000
 3.3804526E+002, 7.5000000E-002, 0.0000000E+000, 0.0000000E+000
 3.3901318E+002, 7.5000000E-002, 0.0000000E+000, 0.0000000E+000
 3.4002719E+002, 7.5000000E-002, 0.0000000E+000, 0.0000000E+000
 3.4104120E+002, 7.5000000E-002, 0.0000000E+000, 0.0000000E+000
 3.4200911E+002, 7.5000000E-002, 0.0000000E+000, 0.0000000E+000
 3.4302312E+002, 7.5000000E-002, 0.0000000E+000, 0.0000000E+000
 3.4403713E+002, 7.5000000E-002, 0.0000000E+000, 0.0000000E+000
 3.4500505E+002, 7.5000000E-002, 0.0000000E+000, 0.0000000E+000
 3.4601906E+002, 7.5000000E-002, 0.0000000E+000, 0.0000000E+000
 3.4703307E+002, 7.5000000E-002, 0.0000000E+000, 0.0000000E+000
 3.4800098E+002, 7.5000000E-002, 0.0000000E+000, 0.0000000E+000
 3.4901499E+002, 7.5000000E-002, 0.0000000E+000, 0.0000000E+000
 3.5002900E+002, 7.5000000E-002, 0.0000000E+000, 0.0000000E+000
 3.5104301E+002, 7.5000000E-002, 0.0000000E+000, 0.0000000E+000
 3.5201093E+002, 7.5000000E-002, 0.0000000E+000, 0.0000000E+000
 3.5302494E+002, 7.5000000E-002, 0.0000000E+000, 0.0000000E+000
 3.5403894E+002, 7.5000000E-002, 0.0000000E+000, 0.0000000E+000
 3.5500686E+002, 7.5000000E-002, 0.0000000E+000, 0.0000000E+000
 3.5602087E+002, 7.5000000E-002, 0.0000000E+000, 0.0000000E+000
 3.5703488E+002, 7.5000000E-002, 0.0000000E+000, 0.0000000E+000
 3.5800280E+002, 7.5000000E-002, 0.0000000E+000, 0.0000000E+000
 3.5901681E+002, 7.5000000E-002, 0.0000000E+000, 0.0000000E+000
 3.6003081E+002, 7.5000000E-002, 0.0000000E+000, 0.0000000E+000
 3.6104482E+002, 7.5000000E-002, 0.0000000E+000, 0.0000000E+000
 3.6201274E+002, 7.5000000E-002, 0.0000000E+000, 0.0000000E+000
 3.6302675E+002, 7.5000000E-002, 0.0000000E+000, 0.0000000E+000
 3.6404076E+002, 7.5000000E-002, 0.0000000E+000, 0.0000000E+000
 3.6500868E+002, 7.5000000E-002, 0.0000000E+000, 0.0000000E+000
 3.6602268E+002, 7.5000000E-002, 0.0000000E+000, 0.0000000E+000
 3.6703669E+002, 7.5000000E-002, 0.0000000E+000, 0.0000000E+000
 3.6800461E+002, 7.5000000E-002, 0.0000000E+000, 0.0000000E+000
 3.6901862E+002, 9.7925623E-002, 0.0000000E+000, 0.0000000E+000
 3.7003263E+002, 8.7829861E-002, 0.0000000E+000, 0.0000000E+000
 3.7100055E+002, 7.9762828E-002, 0.0000000E+000, 0.0000000E+000
 3.7201456E+002, 7.6686610E-002, 0.0000000E+000, 0.0000000E+000
 3.7302856E+002, 7.5597261E-002, 0.0000000E+000, 0.0000000E+000
 3.7404257E+002, 7.5211502E-002, 0.0000000E+000, 0.0000000E+000
 3.7501049E+002, 7.5078516E-002, 0.0000000E+000, 0.0000000E+000
 3.7602450E+002, 7.5027804E-002, 0.0000000E+000, 0.0000000E+000
 3.7703851E+002, 7.5009846E-002, 0.0000000E+000, 0.0000000E+000
 3.7800643E+002, 7.5003655E-002, 0.0000000E+000, 0.0000000E+000
 3.7902043E+002, 7.5001294E-002, 0.0000000E+000, 0.0000000E+000
 3.8003444E+002, 7.5000458E-002, 0.0000000E+000, 0.0000000E+000
 3.8100236E+002, 7.5000170E-002, 0.0000000E+000, 0.0000000E+000
 3.8201637E+002, 7.5000060E-002, 0.0000000E+000, 0.0000000E+000
 3.8303038E+002, 7.5000021E-002, 0.0000000E+000, 0.0000000E+000
 3.8404439E+002, 7.5000008E-002, 0.0000000E+000, 0.0000000E+000
 3.8501230E+002, 6.2671323E-002, 0.0000000E+000, 0.0000000E+000
 3.8602631E+002, 3.8340146E-002, 0.0000000E+000, 0.0000000E+000
 3.8704032E+002, 6.2018035E-002, 0.0000000E+000, 0.0000000E+000
 3.8800824E+002, 7.0180707E-002, 0.0000000E+000, 0.0000000E+000
 3.8902225E+002, 7.3293395E-002, 0.0000000E+000, 0.0000000E+000
 3.9003626E+002, 7.4395658E-002, 0.0000000E+000, 0.0000000E+000
 3.9100417E+002, 7.4775650E-002, 0.0000000E+000, 0.0000000E+000
 3.9201818E+002, 7.4920553E-002, 0.0000000E+000, 0.0000000E+000
 3.9303219E+002, 4.8472463E-002, 0.0000000E+000, 0.0000000E+000
 3.9400011E+002, 3.3713680E-002, 0.0000000E+000, 0.0000000E+000
 3.9501412E+002, 2.8085683E-002, 0.0000000E+000, 0.0000000E+000
 3.9602813E+002, 2.6092700E-002, 0.0000000E+000, 0.0000000E+000
 3.9704214E+002, 9.0826453E-002, 0.0000000E+000, 0.0000000E+000
 3.9801005E+002, 8.0875252E-002, 0.0000000E+000, 0.0000000E+000
 3.9902406E+002, 7.7080541E-002, 0.0000000E+000, 0.0000000E+000
 4.0003807E+002, 7.5736760E-002, 0.0000000E+000, 0.0000000E+000
 4.0100599E+002, 7.5273507E-002, 0.0000000E+000, 0.0000000E+000
 4.0202000E+002, 7.5096854E-002, 0.0000000E+000, 0.0000000E+000
 4.0303401E+002, 7.5034298E-002, 0.0000000E+000, 0.0000000E+000
 4.0400192E+002, 7.5012732E-002, 0.0000000E+000, 0.0000000E+000
 4.0501593E+002, 7.5004509E-002, 0.0000000E+000, 0.0000000E+000
 4.0602994E+002, 7.5001597E-002, 0.0000000E+000, 0.0000000E+000
 4.0704395E+002, 7.5000565E-002, 0.0000000E+000, 0.0000000E+000
 4.0801187E+002, 7.5000210E-002, 0.0000000E+000, 0.0000000E+000
 4.0902588E+002, 7.5000074E-002, 0.0000000E+000, 0.0000000E+000
 4.1003989E+002, 7.5000026E-002, 0.0000000E+000, 0.0000000E+000
 4.1100780E+002, 7.5000010E-002, 0.0000000E+000, 0.0000000E+000
 4.1202181E+002, 7.5000003E-002, 0.0000000E+000, 0.0000000E+000
 4.1303582E+002, 7.5000001E-002, 0.0000000E+000, 0.0000000E+000
 4.1400374E+002, 7.5000000E-002, 0.0000000E+000, 0.0000000E+000
 4.1501775E+002, 7.5000000E-002, 0.0000000E+000, 0.0000000E+000
 4.1603176E+002, 7.5000000E-002, 0.0000000E+000, 0.0000000E+000
 4.1704576E+002, 7.5000000E-002, 0.0000000E+000, 0.0000000E+000
 4.1801368E+002, 7.5000000E-002, 0.0000000E+000, 0.0000000E+000
 4.1902769E+002, 7.5000000E-002, 0.0000000E+000, 0.0000000E+000
 4.2004170E+002, 7.5000000E-002, 0.0000000E+000, 0.0000000E+000
 4.2100962E+002, 7.5000000E-002, 0.0000000E+000, 0.0000000E+000
 4.2202363E+002, 7.5000000E-002, 0.0000000E+000, 0.0000000E+000
 4.2303763E+002, 7.5000000E-002, 0.0000000E+000, 0.0000000E+000
 4.2400555E+002, 7.5000000E-002, 0.0000000E+000, 0.0000000E+000
 4.2501956E+002, 7.5000000E-002, 0.0000000E+000, 0.0000000E+000
 4.2603357E+002, 7.5000000E-002, 0.0000000E+000, 0.0000000E+000
 4.2700149E+002, 7.5000000E-002, 0.0000000E+000, 0.0000000E+000
 4.2801550E+002, 7.5000000E-002, 0.0000000E+000, 0.0000000E+000
 4.2902950E+002, 7.5000000E-002, 0.0000000E+000, 0.0000000E+000
 4.3004351E+002, 7.5000000E-002, 0.0000000E+000, 0.0000000E+000
 4.3101143E+002, 7.5000000E-002, 0.0000000E+000, 0.0000000E+000
 4.3202544E+002, 7.5000000E-002, 0.0000000E+000, 0.0000000E+000
 4.3303945E+002, 4.5398551E-002, 0.0000000E+000, 0.0000000E+000
 4.3400737E+002, 3.2572551E-002, 0.0000000E+000, 0.0000000E+000
 4.3502137E+002, 5.0607210E-002, 0.0000000E+000, 0.0000000E+000
 4.3603538E+002, 6.6362040E-002, 0.0000000E+000, 0.0000000E+000
 4.3700330E+002, 7.1793331E-002, 0.0000000E+000, 0.0000000E+000
 4.3801731E+002, 7.3864456E-002, 0.0000000E+000, 0.0000000E+000
 4.3903132E+002, 7.4597882E-002, 0.0000000E+000, 0.0000000E+000
 4.4004533E+002, 7.4857602E-002, 0.0000000E+000, 0.0000000E+000
 4.4101324E+002, 7.4947138E-002, 0.0000000E+000, 0.0000000E+000
 4.4202725E+002, 7.4981280E-002, 0.0000000E+000, 0.0000000E+000
 4.4304126E+002, 7.4993371E-002, 0.0000000E+000, 0.0000000E+000
 4.4400918E+002, 7.4997539E-002, 0.0000000E+000, 0.0000000E+000
 4.4502319E+002, 7.4999129E-002, 0.0000000E+000, 0.0000000E+000
 4.4603720E+002, 7.4999691E-002, 0.0000000E+000, 0.0000000E+000
 4.4700512E+002, 6.0934885E-002, 0.0000000E+000, 0.0000000E+000
 4.4801912E+002, 3.7725240E-002, 0.0000000E+000, 0.0000000E+000
 4.4903313E+002, 2.9506254E-002, 0.0000000E+000, 0.0000000E+000
 4.5000105E+002, 3.3272787E-002, 0.0000000E+000, 0.0000000E+000
 4.5101506E+002, 6.0223584E-002, 0.0000000E+000, 0.0000000E+000
 4.5202907E+002, 6.9767385E-002, 0.0000000E+000, 0.0000000E+000
 4.5304308E+002, 7.3147029E-002, 0.0000000E+000, 0.0000000E+000
 4.5401099E+002, 7.4312122E-002, 0.0000000E+000, 0.0000000E+000
 4.5502500E+002, 7.4756409E-002, 0.0000000E+000, 0.0000000E+000
 4.5603901E+002, 7.4913740E-002, 0.0000000E+000, 0.0000000E+000
 4.5700693E+002, 7.4967978E-002, 0.0000000E+000, 0.0000000E+000
 4.5802094E+002, 7.4988660E-002, 0.0000000E+000, 0.0000000E+000
 4.5903495E+002, 7.4995984E-002, 0.0000000E+000, 0.0000000E+000
 4.6000286E+002, 7.4998509E-002, 0.0000000E+000, 0.0000000E+000
 4.6101687E+002, 7.4999472E-002, 0.0000000E+000, 0.0000000E+000
 4.6203088E+002, 7.4999813E-002, 0.0000000E+000, 0.0000000E+000
 4.6304489E+002, 7.4999934E-002, 0.0000000E+000, 0.0000000E+000
 4.6401281E+002, 7.4999975E-002, 0.0000000E+000, 0.0000000E+000
 4.6502682E+002, 7.4999991E-002, 0.0000000E+000, 0.0000000E+000
 4.6604083E+002, 7.4999997E-002, 0.0000000E+000, 0.0000000E+000
 4.6700874E+002, 7.4999999E-002, 0.0000000E+000, 0.0000000E+000
 4.6802275E+002, 7.5000000E-002, 0.0000000E+000, 0.0000000E+000
 4.6903676E+002, 7.5000000E-002, 0.0000000E+000, 0.0000000E+000
 4.7000468E+002, 7.5000000E-002, 0.0000000E+000, 0.0000000E+000
 4.7101869E+002, 7.5000000E-002, 0.0000000E+000, 0.0000000E+000
 4.7203270E+002, 7.5000000E-002, 0.0000000E+000, 0.0000000E+000
 4.7300061E+002, 7.5000000E-002, 0.0000000E+000, 0.0000000E+000
 4.7401462E+002, 1.0554165E-001, 0.0000000E+000, 0.0000000E+000
 4.7502863E+002, 9.7863385E-002, 0.0000000E+000, 0.0000000E+000
 4.7604264E+002, 8.3096368E-002, 0.0000000E+000, 0.0000000E+000
 4.7701056E+002, 7.8005614E-002, 0.0000000E+000, 0.0000000E+000
 4.7802457E+002, 7.6064346E-002, 0.0000000E+000, 0.0000000E+000
 4.7903857E+002, 7.5376906E-002, 0.0000000E+000, 0.0000000E+000
 4.8000649E+002, 7.5139919E-002, 0.0000000E+000, 0.0000000E+000
 4.8102050E+002, 7.5049548E-002, 0.0000000E+000, 0.0000000E+000
 4.8203451E+002, 7.5017546E-002, 0.0000000E+000, 0.0000000E+000
 4.8300243E+002, 7.5006514E-002, 0.0000000E+000, 0.0000000E+000
 4.8401644E+002, 7.5002307E-002, 0.0000000E+000, 0.0000000E+000
 4.8503045E+002, 7.5000817E-002, 0.0000000E+000, 0.0000000E+000
 4.8604445E+002, 7.5000289E-002, 0.0000000E+000, 0.0000000E+000
 4.8701237E+002, 7.5000107E-002, 0.0000000E+000, 0.0000000E+000
 4.8802638E+002, 7.5000038E-002, 0.0000000E+000, 0.0000000E+000
 4.8904039E+002, 7.5000013E-002, 0.0000000E+000, 0.0000000E+000
 4.9000831E+002, 7.5000005E-002, 0.0000000E+000, 0.0000000E+000
 4.9102232E+002, 7.5000002E-002, 0.0000000E+000, 0.0000000E+000
 4.9203632E+002, 7.5000001E-002, 0.0000000E+000, 0.0000000E+000
 4.9300424E+002, 7.5000000E-002, 0.0000000E+000, 0.0000000E+000
 4.9401825E+002, 7.5000000E-002, 0.0000000E+000, 0.0000000E+000
 4.9503226E+002, 7.5000000E-002, 0.0000000E+000, 0.0000000E+000
 4.9600018E+002, 7.5000000E-002, 0.0000000E+000, 0.0000000E+000
 4.9701419E+002, 7.5000000E-002, 0.0000000E+000, 0.0000000E+000
 4.9802819E+002, 7.5000000E-002, 0.0000000E+000, 0.0000000E+000
 4.9904220E+002, 7.5000000E-002, 0.0000000E+000, 0.0000000E+000
 5.0001012E+002, 7.5000000E-002, 0.0000000E+000, 0.0000000E+000
 5.0102413E+002, 7.5000000E-002, 0.0000000E+000, 0.0000000E+000
 5.0203814E+002, 7.5000000E-002, 0.0000000E+000, 0.0000000E+000
 5.0300606E+002, 7.5000000E-002, 0.0000000E+000, 0.0000000E+000
 5.0402006E+002, 7.5000000E-002, 0.0000000E+000, 0.0000000E+000
 5.0503407E+002, 7.5000000E-002, 0.0000000E+000, 0.0000000E+000
 5.0600199E+002, 7.5000000E-002, 0.0000000E+000, 0.0000000E+000
 5.0701600E+002, 7.5000000E-002, 0.0000000E+000, 0.0000000E+000
 5.0803001E+002, 7.5000000E-002, 0.0000000E+000, 0.0000000E+000
 5.0904402E+002, 1.0149940E-001, 0.0000000E+000, 0.0000000E+000
 5.1001193E+002, 9.0911984E-002, 0.0000000E+000, 0.0000000E+000
 5.1102594E+002, 8.0634742E-002, 0.0000000E+000, 0.0000000E+000
 5.1203995E+002, 1.0349477E-001, 0.0000000E+000, 0.0000000E+000
 5.1300787E+002, 1.1701662E-001, 0.0000000E+000, 0.0000000E+000
 5.1402188E+002, 1.2217293E-001, 0.0000000E+000, 0.0000000E+000
 5.1503589E+002, 1.2399888E-001, 0.0000000E+000, 0.0000000E+000
 5.1600380E+002, 1.2462835E-001, 0.0000000E+000, 0.0000000E+000
 5.1701781E+002, 1.2486839E-001, 0.0000000E+000, 0.0000000E+000
 5.1803182E+002, 1.2495340E-001, 0.0000000E+000, 0.0000000E+000
 5.1904583E+002, 1.2267893E-001, 0.0000000E+000, 0.0000000E+000
 5.2001375E+002, 9.2699843E-002, 0.0000000E+000, 0.0000000E+000
 5.2102776E+002, 8.1267858E-002, 0.0000000E+000, 0.0000000E+000
 5.2204177E+002, 7.7219570E-002, 0.0000000E+000, 0.0000000E+000
 5.2300968E+002, 7.5823971E-002, 0.0000000E+000, 0.0000000E+000
 5.2402369E+002, 7.5291784E-002, 0.0000000E+000, 0.0000000E+000
 5.2503770E+002, 7.5103326E-002, 0.0000000E+000, 0.0000000E+000
 5.2600562E+002, 7.5038358E-002, 0.0000000E+000, 0.0000000E+000
 5.2701963E+002, 7.5013583E-002, 0.0000000E+000, 0.0000000E+000
 5.2803364E+002, 7.5004810E-002, 0.0000000E+000, 0.0000000E+000
 5.2900155E+002, 7.5001786E-002, 0.0000000E+000, 0.0000000E+000
 5.3001556E+002, 7.5000632E-002, 0.0000000E+000, 0.0000000E+000
 5.3102957E+002, 7.5000224E-002, 0.0000000E+000, 0.0000000E+000
 5.3204358E+002, 7.5000079E-002, 0.0000000E+000, 0.0000000E+000
 5.3301150E+002, 7.5000029E-002, 0.0000000E+000, 0.0000000E+000
 5.3402551E+002, 7.5000010E-002, 0.0000000E+000, 0.0000000E+000
 5.3503952E+002, 7.5000004E-002, 0.0000000E+000, 0.0000000E+000
 5.3600743E+002, 7.5000001E-002, 0.0000000E+000, 0.0000000E+000
 5.3702144E+002, 7.5000000E-002, 0.0000000E+000, 0.0000000E+000
 5.3803545E+002, 7.5000000E-002, 0.0000000E+000, 0.0000000E+000
 5.3900337E+002, 7.5000000E-002, 0.0000000E+000, 0.0000000E+000
 5.4001738E+002, 7.5000000E-002, 0.0000000E+000, 0.0000000E+000
 5.4103139E+002, 7.5000000E-002, 0.0000000E+000, 0.0000000E+000
 5.4204539E+002, 9.3808371E-002, 0.0000000E+000, 0.0000000E+000
 5.4301331E+002, 1.1342074E-001, 0.0000000E+000, 0.0000000E+000
 5.4402732E+002, 1.2089956E-001, 0.0000000E+000, 0.0000000E+000
 5.4504133E+002, 1.2354795E-001, 0.0000000E+000, 0.0000000E+000
 5.4600925E+002, 1.0284352E-001, 0.0000000E+000, 0.0000000E+000
 5.4702326E+002, 8.4859932E-002, 0.0000000E+000, 0.0000000E+000
 5.4803726E+002, 7.8491593E-002, 0.0000000E+000, 0.0000000E+000
 5.4900518E+002, 7.6296184E-002, 0.0000000E+000, 0.0000000E+000
 5.5001919E+002, 7.5459004E-002, 0.0000000E+000, 0.0000000E+000
 5.5103320E+002, 7.5162542E-002, 0.0000000E+000, 0.0000000E+000
 5.5200112E+002, 7.5060341E-002, 0.0000000E+000, 0.0000000E+000
 5.5301513E+002, 7.5021368E-002, 0.0000000E+000, 0.0000000E+000
 5.5402913E+002, 7.5007567E-002, 0.0000000E+000, 0.0000000E+000
 5.5504314E+002, 7.5002680E-002, 0.0000000E+000, 0.0000000E+000
 5.5601106E+002, 7.5000995E-002, 0.0000000E+000, 0.0000000E+000
 5.5702507E+002, 7.5000352E-002, 0.0000000E+000, 0.0000000E+000
 5.5803908E+002, 7.5000125E-002, 0.0000000E+000, 0.0000000E+000
 5.5900700E+002, 7.5000046E-002, 0.0000000E+000, 0.0000000E+000
 5.6002101E+002, 7.5000016E-002, 0.0000000E+000, 0.0000000E+000
 5.6103501E+002, 7.5000006E-002, 0.0000000E+000, 0.0000000E+000
 5.6200293E+002, 7.5000002E-002, 0.0000000E+000, 0.0000000E+000
 5.6301694E+002, 7.5000001E-002, 0.0000000E+000, 0.0000000E+000
 5.6403095E+002, 7.5000000E-002, 0.0000000E+000, 0.0000000E+000
 5.6504496E+002, 7.5000000E-002, 0.0000000E+000, 0.0000000E+000
 5.6601288E+002, 7.5000000E-002, 0.0000000E+000, 0.0000000E+000
 5.6702688E+002, 7.5000000E-002, 0.0000000E+000, 0.0000000E+000
 5.6804089E+002, 7.5000000E-002, 0.0000000E+000, 0.0000000E+000
 5.6900881E+002, 7.5000000E-002, 0.0000000E+000, 0.0000000E+000
 5.7002282E+002, 7.5000000E-002, 0.0000000E+000, 0.0000000E+000
 5.7103683E+002, 7.5000000E-002, 0.0000000E+000, 0.0000000E+000
 5.7200475E+002, 7.5000000E-002, 0.0000000E+000, 0.0000000E+000
 5.7301875E+002, 7.5000000E-002, 0.0000000E+000, 0.0000000E+000
 5.7403276E+002, 7.5000000E-002, 0.0000000E+000, 0.0000000E+000
 5.7500068E+002, 1.0193560E-001, 0.0000000E+000, 0.0000000E+000
 5.7601469E+002, 8.9041328E-002, 0.0000000E+000, 0.0000000E+000
 5.7702870E+002, 1.1226634E-001, 0.0000000E+000, 0.0000000E+000
 5.7804271E+002, 1.2049076E-001, 0.0000000E+000, 0.0000000E+000
 5.7901062E+002, 1.2332604E-001, 0.0000000E+000, 0.0000000E+000
 5.8002463E+002, 1.2440722E-001, 0.0000000E+000, 0.0000000E+000
 5.8103864E+002, 1.2479008E-001, 0.0000000E+000, 0.0000000E+000
 5.8200656E+002, 1.2492207E-001, 0.0000000E+000, 0.0000000E+000
 5.8302057E+002, 1.2497240E-001, 0.0000000E+000, 0.0000000E+000
 5.8403458E+002, 1.2499023E-001, 0.0000000E+000, 0.0000000E+000
 5.8500249E+002, 1.2499637E-001, 0.0000000E+000, 0.0000000E+000
 5.8601650E+002, 1.2499872E-001, 0.0000000E+000, 0.0000000E+000
 5.8703051E+002, 1.2499955E-001, 0.0000000E+000, 0.0000000E+000
 5.8804452E+002, 1.2499984E-001, 0.0000000E+000, 0.0000000E+000
 5.8901244E+002, 1.2499994E-001, 0.0000000E+000, 0.0000000E+000
 5.9002645E+002, 1.2499998E-001, 0.0000000E+000, 0.0000000E+000
 5.9104046E+002, 1.2499999E-001, 0.0000000E+000, 0.0000000E+000
 5.9200837E+002, 1.2500000E-001, 0.0000000E+000, 0.0000000E+000
 5.9302238E+002, 1.1267132E-001, 0.0000000E+000, 0.0000000E+000
 5.9403639E+002, 8.8340145E-002, 0.0000000E+000, 0.0000000E+000
 5.9500431E+002, 7.9952260E-002, 0.0000000E+000, 0.0000000E+000
 5.9601832E+002, 7.6753691E-002, 0.0000000E+000, 0.0000000E+000
 5.9703233E+002, 7.5621016E-002, 0.0000000E+000, 0.0000000E+000
 5.9800024E+002, 7.5230540E-002, 0.0000000E+000, 0.0000000E+000
 5.9901425E+002, 7.5081639E-002, 0.0000000E+000, 0.0000000E+000
 6.0002826E+002, 7.5028910E-002, 0.0000000E+000, 0.0000000E+000
 6.0104227E+002, 7.5010238E-002, 0.0000000E+000, 0.0000000E+000
 6.0201019E+002, 7.5003800E-002, 0.0000000E+000, 0.0000000E+000
 6.0302420E+002, 7.5001346E-002, 0.0000000E+000, 0.0000000E+000
 6.0403821E+002, 7.5000477E-002, 0.0000000E+000, 0.0000000E+000
 6.0500612E+002, 7.5000177E-002, 0.0000000E+000, 0.0000000E+000
 6.0602013E+002, 7.5000063E-002, 0.0000000E+000, 0.0000000E+000
 6.0703414E+002, 7.5000022E-002, 0.0000000E+000, 0.0000000E+000
 6.0800206E+002, 7.5000008E-002, 0.0000000E+000, 0.0000000E+000
 6.0901607E+002, 7.5000003E-002, 0.0000000E+000, 0.0000000E+000
 6.1003008E+002, 7.5000001E-002, 0.0000000E+000, 0.0000000E+000
 6.1104408E+002, 7.5000000E-002, 0.0000000E+000, 0.0000000E+000
 6.1201200E+002, 7.5000000E-002, 0.0000000E+000, 0.0000000E+000
 6.1302601E+002, 7.5000000E-002, 0.0000000E+000, 0.0000000E+000
 6.1404002E+002, 7.5000000E-002, 0.0000000E+000, 0.0000000E+000
 6.1500794E+002, 7.5000000E-002, 0.0000000E+000, 0.0000000E+000
 6.1602195E+002, 7.5000000E-002, 0.0000000E+000, 0.0000000E+000
 6.1703595E+002, 7.5000000E-002, 0.0000000E+000, 0.0000000E+000
 6.1800387E+002, 7.5000000E-002, 0.0000000E+000, 0.0000000E+000
 6.1901788E+002, 7.5000000E-002, 0.0000000E+000, 0.0000000E+000
 6.2003189E+002, 7.5000000E-002, 0.0000000E+000, 0.0000000E+000
 6.2104590E+002, 7.5000000E-002, 0.0000000E+000, 0.0000000E+000
 6.2201382E+002, 7.5000000E-002, 0.0000000E+000, 0.0000000E+000
 6.2302782E+002, 7.5000000E-002, 0.0000000E+000, 0.0000000E+000
 6.2404183E+002, 7.5000000E-002, 0.0000000E+000, 0.0000000E+000
 6.2500975E+002, 7.5000000E-002, 0.0000000E+000, 0.0000000E+000
 6.2602376E+002, 7.5000000E-002, 0.0000000E+000, 0.0000000E+000
 6.2703777E+002, 7.5000000E-002, 0.0000000E+000, 0.0000000E+000
 6.2800569E+002, 7.5000000E-002, 0.0000000E+000, 0.0000000E+000
 6.2901969E+002, 7.5000000E-002, 0.0000000E+000, 0.0000000E+000
 6.3003370E+002, 7.5000000E-002, 0.0000000E+000, 0.0000000E+000
 6.3100162E+002, 7.5000000E-002, 0.0000000E+000, 0.0000000E+000
 6.3201563E+002, 7.5000000E-002, 0.0000000E+000, 0.0000000E+000
 6.3302964E+002, 7.5000000E-002, 0.0000000E+000, 0.0000000E+000
 6.3404365E+002, 7.5000000E-002, 0.0000000E+000, 0.0000000E+000
 6.3501156E+002, 7.5000000E-002, 0.0000000E+000, 0.0000000E+000
 6.3602557E+002, 7.5000000E-002, 0.0000000E+000, 0.0000000E+000
 6.3703958E+002, 7.5000000E-002, 0.0000000E+000, 0.0000000E+000
 6.3800750E+002, 7.5000000E-002, 0.0000000E+000, 0.0000000E+000
 6.3902151E+002, 7.5000000E-002, 0.0000000E+000, 0.0000000E+000
 6.4003552E+002, 7.5000000E-002, 0.0000000E+000, 0.0000000E+000
 6.4100344E+002, 7.5000000E-002, 0.0000000E+000, 0.0000000E+000
 6.4201744E+002, 7.5000000E-002, 0.0000000E+000, 0.0000000E+000
 6.4303145E+002, 7.5000000E-002, 0.0000000E+000, 0.0000000E+000
 6.4404546E+002, 7.5000000E-002, 0.0000000E+000, 0.0000000E+000
 6.4501338E+002, 7.5000000E-002, 0.0000000E+000, 0.0000000E+000
 6.4602739E+002, 7.5000000E-002, 0.0000000E+000, 0.0000000E+000
 6.4704140E+002, 7.5000000E-002, 0.0000000E+000, 0.0000000E+000
 6.4800931E+002, 7.5000000E-002, 0.0000000E+000, 0.0000000E+000
 6.4902332E+002, 7.5000000E-002, 0.0000000E+000, 0.0000000E+000
 6.5003733E+002, 7.5000000E-002, 0.0000000E+000, 0.0000000E+000
 6.5100525E+002, 7.5000000E-002, 0.0000000E+000, 0.0000000E+000
 6.5201926E+002, 7.5000000E-002, 0.0000000E+000, 0.0000000E+000
 6.5303327E+002, 7.5000000E-002, 0.0000000E+000, 0.0000000E+000
 6.5400118E+002, 7.5000000E-002, 0.0000000E+000, 0.0000000E+000
 6.5501519E+002, 7.5000000E-002, 0.0000000E+000, 0.0000000E+000
 6.5602920E+002, 7.5000000E-002, 0.0000000E+000, 0.0000000E+000
 6.5704321E+002, 7.5000000E-002, 0.0000000E+000, 0.0000000E+000
 6.5801113E+002, 7.5000000E-002, 0.0000000E+000, 0.0000000E+000
 6.5902514E+002, 7.5000000E-002, 0.0000000E+000, 0.0000000E+000
 6.6003915E+002, 7.5000000E-002, 0.0000000E+000, 0.0000000E+000
 6.6100706E+002, 7.5000000E-002, 0.0000000E+000, 0.0000000E+000
 6.6202107E+002, 7.5000000E-002, 0.0000000E+000, 0.0000000E+000
 6.6303508E+002, 7.5000000E-002, 0.0000000E+000, 0.0000000E+000
 6.6400300E+002, 7.5000000E-002, 0.0000000E+000, 0.0000000E+000
 6.6501701E+002, 7.5000000E-002, 0.0000000E+000, 0.0000000E+000
 6.6603102E+002, 7.5000000E-002, 0.0000000E+000, 0.0000000E+000
 6.6704502E+002, 7.5000000E-002, 0.0000000E+000, 0.0000000E+000
 6.6801294E+002, 7.5000000E-002, 0.0000000E+000, 0.0000000E+000
 6.6902695E+002, 7.5000000E-002, 0.0000000E+000, 0.0000000E+000
 6.7004096E+002, 7.5000000E-002, 0.0000000E+000, 0.0000000E+000
 6.7100888E+002, 7.5000000E-002, 0.0000000E+000, 0.0000000E+000
 6.7202289E+002, 7.5000000E-002, 0.0000000E+000, 0.0000000E+000
 6.7303690E+002, 7.5000000E-002, 0.0000000E+000, 0.0000000E+000
 6.7400481E+002, 7.5000000E-002, 0.0000000E+000, 0.0000000E+000
 6.7501882E+002, 9.5246034E-002, 0.0000000E+000, 0.0000000E+000
 6.7603283E+002, 1.1446354E-001, 0.0000000E+000, 0.0000000E+000
 6.7700075E+002, 1.2108855E-001, 0.0000000E+000, 0.0000000E+000
 6.7801476E+002, 1.3021481E-001, 0.0000000E+000, 0.0000000E+000
 6.7902877E+002, 1.5914070E-001, 0.0000000E+000, 0.0000000E+000
 6.8004277E+002, 7.7758977E-002, 0.0000000E+000, 0.0000000E+000
 6.8101069E+002, 7.4187158E-002, 0.0000000E+000, 0.0000000E+000
 6.8202470E+002, 7.4712157E-002, 0.0000000E+000, 0.0000000E+000
 6.8303871E+002, 8.8963070E-002, 0.0000000E+000, 0.0000000E+000
 6.8400663E+002, 1.1162201E-001, 0.0000000E+000, 0.0000000E+000
 6.8502064E+002, 1.2026260E-001, 0.0000000E+000, 0.0000000E+000
 6.8603464E+002, 1.2332239E-001, 0.0000000E+000, 0.0000000E+000
 6.8700256E+002, 1.3670590E-001, 0.0000000E+000, 0.0000000E+000
 6.8801657E+002, 1.6143932E-001, 0.0000000E+000, 0.0000000E+000
 6.8903058E+002, 1.4995187E-001, 0.0000000E+000, 0.0000000E+000
 6.9004459E+002, 1.3383594E-001, 0.0000000E+000, 0.0000000E+000
 6.9101251E+002, 1.2828016E-001, 0.0000000E+000, 0.0000000E+000
 6.9202651E+002, 1.2616157E-001, 0.0000000E+000, 0.0000000E+000
 6.9304052E+002, 1.2541133E-001, 0.0000000E+000, 0.0000000E+000
 6.9400844E+002, 1.2515270E-001, 0.0000000E+000, 0.0000000E+000
 6.9502245E+002, 1.2505407E-001, 0.0000000E+000, 0.0000000E+000
 6.9603646E+002, 1.2501915E-001, 0.0000000E+000, 0.0000000E+000
 6.9700438E+002, 1.2500711E-001, 0.0000000E+000, 0.0000000E+000
 6.9801838E+002, 1.2500252E-001, 0.0000000E+000, 0.0000000E+000
 6.9903239E+002, 1.2500089E-001, 0.0000000E+000, 0.0000000E+000
 7.0000031E+002, 1.2500033E-001, 0.0000000E+000, 0.0000000E+000
 7.0101432E+002, 1.2500012E-001, 0.0000000E+000, 0.0000000E+000
 7.0202833E+002, 1.2500004E-001, 0.0000000E+000, 0.0000000E+000
 7.0304234E+002, 1.2500001E-001, 0.0000000E+000, 0.0000000E+000
 7.0401025E+002, 1.2500001E-001, 0.0000000E+000, 0.0000000E+000
 7.0502426E+002, 1.2500000E-001, 0.0000000E+000, 0.0000000E+000
 7.0603827E+002, 1.2500000E-001, 0.0000000E+000, 0.0000000E+000
 7.0700619E+002, 1.2500000E-001, 0.0000000E+000, 0.0000000E+000
 7.0802020E+002, 1.2500000E-001, 0.0000000E+000, 0.0000000E+000
 7.0903421E+002, 1.2500000E-001, 0.0000000E+000, 0.0000000E+000
 7.1000212E+002, 1.2500000E-001, 0.0000000E+000, 0.0000000E+000
 7.1101613E+002, 1.2500000E-001, 0.0000000E+000, 0.0000000E+000
 7.1203014E+002, 1.3888016E-001, 0.0000000E+000, 0.0000000E+000
 7.1304415E+002, 1.2991523E-001, 0.0000000E+000, 0.0000000E+000
 7.1401207E+002, 1.4563305E-001, 0.0000000E+000, 0.0000000E+000
 7.1502608E+002, 1.6460059E-001, 0.0000000E+000, 0.0000000E+000
 7.1604009E+002, 1.7131737E-001, 0.0000000E+000, 0.0000000E+000
 7.1700800E+002, 1.5605931E-001, 0.0000000E+000, 0.0000000E+000
 7.1802201E+002, 1.6829273E-001, 0.0000000E+000, 0.0000000E+000
 7.1903602E+002, 1.6211636E-001, 0.0000000E+000, 0.0000000E+000
 7.2000394E+002, 1.4328161E-001, 0.0000000E+000, 0.0000000E+000
 7.2101795E+002, 1.6376790E-001, 0.0000000E+000, 0.0000000E+000
 7.2203196E+002, 1.7102250E-001, 0.0000000E+000, 0.0000000E+000
 7.2304597E+002, 1.7359149E-001, 0.0000000E+000, 0.0000000E+000
 7.2401388E+002, 1.7447712E-001, 0.0000000E+000, 0.0000000E+000
 7.2502789E+002, 1.7481484E-001, 0.0000000E+000, 0.0000000E+000
 7.2604190E+002, 1.7493443E-001, 0.0000000E+000, 0.0000000E+000
 7.2700982E+002, 2.0359148E-001, 0.0000000E+000, 0.0000000E+000
 7.2802383E+002, 2.1741883E-001, 0.0000000E+000, 0.0000000E+000
 7.2903784E+002, 2.2231536E-001, 0.0000000E+000, 0.0000000E+000
 7.3000575E+002, 2.0670214E-001, 0.0000000E+000, 0.0000000E+000
 7.3101976E+002, 1.9855502E-001, 0.0000000E+000, 0.0000000E+000
 7.3203377E+002, 2.0903539E-001, 0.0000000E+000, 0.0000000E+000
 7.3300169E+002, 1.6973585E-001, 0.0000000E+000, 0.0000000E+000
 7.3401570E+002, 1.7313586E-001, 0.0000000E+000, 0.0000000E+000
 7.3502971E+002, 1.7433987E-001, 0.0000000E+000, 0.0000000E+000
 7.3604371E+002, 1.7476624E-001, 0.0000000E+000, 0.0000000E+000
 7.3701163E+002, 1.7491322E-001, 0.0000000E+000, 0.0000000E+000
 7.3802564E+002, 1.7496927E-001, 0.0000000E+000, 0.0000000E+000
 7.3903965E+002, 1.7498912E-001, 0.0000000E+000, 0.0000000E+000
 7.4000757E+002, 1.7499596E-001, 0.0000000E+000, 0.0000000E+000
 7.4102158E+002, 1.7499857E-001, 0.0000000E+000, 0.0000000E+000
 7.4203558E+002, 1.9917301E-001, 0.0000000E+000, 0.0000000E+000
 7.4300350E+002, 2.1541225E-001, 0.0000000E+000, 0.0000000E+000
 7.4401751E+002, 2.2160479E-001, 0.0000000E+000, 0.0000000E+000
 7.4503152E+002, 2.2379769E-001, 0.0000000E+000, 0.0000000E+000
 7.4604553E+002, 2.1597394E-001, 0.0000000E+000, 0.0000000E+000
 7.4701345E+002, 1.9021075E-001, 0.0000000E+000, 0.0000000E+000
 7.4802745E+002, 1.8038642E-001, 0.0000000E+000, 0.0000000E+000
 7.4904146E+002, 1.7690744E-001, 0.0000000E+000, 0.0000000E+000
 7.5000938E+002, 1.7570810E-001, 0.0000000E+000, 0.0000000E+000
 7.5102339E+002, 2.0579240E-001, 0.0000000E+000, 0.0000000E+000
 7.5203740E+002, 1.9938984E-001, 0.0000000E+000, 0.0000000E+000
 7.5300532E+002, 1.8405424E-001, 0.0000000E+000, 0.0000000E+000
 7.5401933E+002, 1.7820628E-001, 0.0000000E+000, 0.0000000E+000
 7.5503333E+002, 1.7613541E-001, 0.0000000E+000, 0.0000000E+000
 7.5600125E+002, 1.6309282E-001, 0.0000000E+000, 0.0000000E+000
 7.5701526E+002, 1.3848941E-001, 0.0000000E+000, 0.0000000E+000
 7.5802927E+002, 1.2977686E-001, 0.0000000E+000, 0.0000000E+000
 7.5904328E+002, 1.2669158E-001, 0.0000000E+000, 0.0000000E+000
 7.6001120E+002, 1.2562796E-001, 0.0000000E+000, 0.0000000E+000
 7.6102520E+002, 1.2522237E-001, 0.0000000E+000, 0.0000000E+000
 7.6203921E+002, 1.2507875E-001, 0.0000000E+000, 0.0000000E+000
 7.6300713E+002, 1.2502923E-001, 0.0000000E+000, 0.0000000E+000
 7.6402114E+002, 1.2501035E-001, 0.0000000E+000, 0.0000000E+000
 7.6503515E+002, 1.2500367E-001, 0.0000000E+000, 0.0000000E+000
 7.6600307E+002, 1.2500136E-001, 0.0000000E+000, 0.0000000E+000
 7.6701707E+002, 1.2324810E-001, 0.0000000E+000, 0.0000000E+000
 7.6803108E+002, 1.2437962E-001, 0.0000000E+000, 0.0000000E+000
 7.6904509E+002, 1.2478031E-001, 0.0000000E+000, 0.0000000E+000
 7.7001301E+002, 1.2491844E-001, 0.0000000E+000, 0.0000000E+000
 7.7102702E+002, 1.2497112E-001, 0.0000000E+000, 0.0000000E+000
 7.7204103E+002, 1.2498977E-001, 0.0000000E+000, 0.0000000E+000
 7.7300894E+002, 1.2499620E-001, 0.0000000E+000, 0.0000000E+000
 7.7402295E+002, 1.2499866E-001, 0.0000000E+000, 0.0000000E+000
 7.7503696E+002, 1.2499952E-001, 0.0000000E+000, 0.0000000E+000
 7.7600488E+002, 1.2499982E-001, 0.0000000E+000, 0.0000000E+000
 7.7701889E+002, 9.3561431E-002, 0.0000000E+000, 0.0000000E+000
 7.7803290E+002, 1.0181900E-001, 0.0000000E+000, 0.0000000E+000
 7.7900081E+002, 1.0232952E-001, 0.0000000E+000, 0.0000000E+000
 7.8001482E+002, 8.4677913E-002, 0.0000000E+000, 0.0000000E+000
 7.8102883E+002, 7.8427137E-002, 0.0000000E+000, 0.0000000E+000
 7.8204284E+002, 7.6213616E-002, 0.0000000E+000, 0.0000000E+000
 7.8301076E+002, 7.5450530E-002, 0.0000000E+000, 0.0000000E+000
 7.8402477E+002, 7.5159542E-002, 0.0000000E+000, 0.0000000E+000
 7.8503878E+002, 1.0649500E-001, 0.0000000E+000, 0.0000000E+000
 7.8600669E+002, 1.1813039E-001, 0.0000000E+000, 0.0000000E+000
 7.8702070E+002, 1.2256734E-001, 0.0000000E+000, 0.0000000E+000
 7.8803471E+002, 1.2413855E-001, 0.0000000E+000, 0.0000000E+000
 7.8900263E+002, 1.2468020E-001, 0.0000000E+000, 0.0000000E+000
 7.9001664E+002, 1.2488675E-001, 0.0000000E+000, 0.0000000E+000
 7.9103065E+002, 1.2495990E-001, 0.0000000E+000, 0.0000000E+000
 7.9204466E+002, 1.2498580E-001, 0.0000000E+000, 0.0000000E+000
 7.9301257E+002, 1.2499473E-001, 0.0000000E+000, 0.0000000E+000
 7.9402658E+002, 1.2499813E-001, 0.0000000E+000, 0.0000000E+000
 7.9504059E+002, 1.2499934E-001, 0.0000000E+000, 0.0000000E+000
 7.9600851E+002, 1.2499975E-001, 0.0000000E+000, 0.0000000E+000
 7.9702252E+002, 1.2499991E-001, 0.0000000E+000, 0.0000000E+000
 7.9803653E+002, 1.2499997E-001, 0.0000000E+000, 0.0000000E+000
 7.9900444E+002, 1.2499999E-001, 0.0000000E+000, 0.0000000E+000
 8.0001845E+002, 1.2500000E-001, 0.0000000E+000, 0.0000000E+000
 8.0103246E+002, 1.2500000E-001, 0.0000000E+000, 0.0000000E+000
 8.0200038E+002, 1.2500000E-001, 0.0000000E+000, 0.0000000E+000
 8.0301439E+002, 1.2500000E-001, 0.0000000E+000, 0.0000000E+000
 8.0402840E+002, 1.2500000E-001, 0.0000000E+000, 0.0000000E+000
 8.0504240E+002, 1.2500000E-001, 0.0000000E+000, 0.0000000E+000
 8.0601032E+002, 1.2500000E-001, 0.0000000E+000, 0.0000000E+000
 8.0702433E+002, 1.2500000E-001, 0.0000000E+000, 0.0000000E+000
 8.0803834E+002, 1.2500000E-001, 0.0000000E+000, 0.0000000E+000
 8.0900626E+002, 1.2500000E-001, 0.0000000E+000, 0.0000000E+000
 8.1002027E+002, 1.4524603E-001, 0.0000000E+000, 0.0000000E+000
 8.1103427E+002, 1.6446354E-001, 0.0000000E+000, 0.0000000E+000
 8.1200219E+002, 1.7108855E-001, 0.0000000E+000, 0.0000000E+000
 8.1301620E+002, 1.7361488E-001, 0.0000000E+000, 0.0000000E+000
 8.1403021E+002, 1.7450950E-001, 0.0000000E+000, 0.0000000E+000
 8.1504422E+002, 1.7482631E-001, 0.0000000E+000, 0.0000000E+000
 8.1601214E+002, 1.7493552E-001, 0.0000000E+000, 0.0000000E+000
 8.1702614E+002, 1.7497717E-001, 0.0000000E+000, 0.0000000E+000
 8.1804015E+002, 1.7499191E-001, 0.0000000E+000, 0.0000000E+000
 8.1900807E+002, 1.7499700E-001, 0.0000000E+000, 0.0000000E+000
 8.2002208E+002, 1.7499894E-001, 0.0000000E+000, 0.0000000E+000
 8.2103609E+002, 1.7499962E-001, 0.0000000E+000, 0.0000000E+000
 8.2200401E+002, 1.7499986E-001, 0.0000000E+000, 0.0000000E+000
 8.2301801E+002, 1.7499995E-001, 0.0000000E+000, 0.0000000E+000
 8.2403202E+002, 1.7499998E-001, 0.0000000E+000, 0.0000000E+000
 8.2504603E+002, 1.7499999E-001, 0.0000000E+000, 0.0000000E+000
 8.2601395E+002, 1.7500000E-001, 0.0000000E+000, 0.0000000E+000
 8.2702796E+002, 1.7500000E-001, 0.0000000E+000, 0.0000000E+000
 8.2804197E+002, 1.7500000E-001, 0.0000000E+000, 0.0000000E+000
 8.2900989E+002, 1.7500000E-001, 0.0000000E+000, 0.0000000E+000
 8.3002389E+002, 1.7500000E-001, 0.0000000E+000, 0.0000000E+000
 8.3103790E+002, 1.7500000E-001, 0.0000000E+000, 0.0000000E+000
 8.3200582E+002, 1.7500000E-001, 0.0000000E+000, 0.0000000E+000
 8.3301983E+002, 1.7500000E-001, 0.0000000E+000, 0.0000000E+000
 8.3403384E+002, 1.7500000E-001, 0.0000000E+000, 0.0000000E+000
 8.3500176E+002, 1.7500000E-001, 0.0000000E+000, 0.0000000E+000
 8.3601576E+002, 1.7500000E-001, 0.0000000E+000, 0.0000000E+000
 8.3702977E+002, 1.7500000E-001, 0.0000000E+000, 0.0000000E+000
 8.3804378E+002, 1.7500000E-001, 0.0000000E+000, 0.0000000E+000
 8.3901170E+002, 1.9792562E-001, 0.0000000E+000, 0.0000000E+000
 8.4002571E+002, 2.1541244E-001, 0.0000000E+000, 0.0000000E+000
 8.4103972E+002, 2.2160486E-001, 0.0000000E+000, 0.0000000E+000
 8.4200763E+002, 2.2373962E-001, 0.0000000E+000, 0.0000000E+000
 8.4302164E+002, 2.0725243E-001, 0.0000000E+000, 0.0000000E+000
 8.4403565E+002, 1.6241452E-001, 0.0000000E+000, 0.0000000E+000
 8.4500357E+002, 2.0176640E-001, 0.0000000E+000, 0.0000000E+000
 8.4601758E+002, 2.1216340E-001, 0.0000000E+000, 0.0000000E+000
 8.4703159E+002, 1.5586625E-001, 0.0000000E+000, 0.0000000E+000
 8.4804560E+002, 1.3593034E-001, 0.0000000E+000, 0.0000000E+000
 8.4901351E+002, 1.2905767E-001, 0.0000000E+000, 0.0000000E+000
 8.5002752E+002, 1.2643690E-001, 0.0000000E+000, 0.0000000E+000
 8.5104153E+002, 1.3001174E-001, 0.0000000E+000, 0.0000000E+000
 8.5200945E+002, 1.5829902E-001, 0.0000000E+000, 0.0000000E+000
 8.5302346E+002, 1.6908586E-001, 0.0000000E+000, 0.0000000E+000
 8.5403747E+002, 1.7290569E-001, 0.0000000E+000, 0.0000000E+000
 8.5500538E+002, 1.7422253E-001, 0.0000000E+000, 0.0000000E+000
 8.5601939E+002, 1.7472468E-001, 0.0000000E+000, 0.0000000E+000
 8.5703340E+002, 1.7490250E-001, 0.0000000E+000, 0.0000000E+000
 8.5800132E+002, 1.6636351E-001, 0.0000000E+000, 0.0000000E+000
 8.5901533E+002, 1.3964762E-001, 0.0000000E+000, 0.0000000E+000
 8.6002934E+002, 1.3018701E-001, 0.0000000E+000, 0.0000000E+000
 8.6104334E+002, 1.2683682E-001, 0.0000000E+000, 0.0000000E+000
 8.6201126E+002, 1.2568188E-001, 0.0000000E+000, 0.0000000E+000
 8.6302527E+002, 1.2524147E-001, 0.0000000E+000, 0.0000000E+000
 8.6403928E+002, 1.2508551E-001, 0.0000000E+000, 0.0000000E+000
 8.6500720E+002, 1.2503174E-001, 0.0000000E+000, 0.0000000E+000
 8.6602121E+002, 1.2501124E-001, 0.0000000E+000, 0.0000000E+000
 8.6703522E+002, 1.2500398E-001, 0.0000000E+000, 0.0000000E+000
 8.6800313E+002, 1.2500148E-001, 0.0000000E+000, 0.0000000E+000
 8.6901714E+002, 1.2500052E-001, 0.0000000E+000, 0.0000000E+000
 8.7003115E+002, 1.2500019E-001, 0.0000000E+000, 0.0000000E+000
 8.7104516E+002, 1.2500007E-001, 0.0000000E+000, 0.0000000E+000
 8.7201308E+002, 1.2500002E-001, 0.0000000E+000, 0.0000000E+000
 8.7302709E+002, 1.2500001E-001, 0.0000000E+000, 0.0000000E+000
 8.7404109E+002, 1.2500000E-001, 0.0000000E+000, 0.0000000E+000
 8.7500901E+002, 1.2269544E-001, 0.0000000E+000, 0.0000000E+000
 8.7602302E+002, 9.1889879E-002, 0.0000000E+000, 0.0000000E+000
 8.7703703E+002, 8.0981034E-002, 0.0000000E+000, 0.0000000E+000
 8.7800495E+002, 7.7220338E-002, 0.0000000E+000, 0.0000000E+000
 8.7901896E+002, 7.5786265E-002, 0.0000000E+000, 0.0000000E+000
 8.8003296E+002, 7.5278432E-002, 0.0000000E+000, 0.0000000E+000
 8.8100088E+002, 7.5103362E-002, 0.0000000E+000, 0.0000000E+000
 8.8201489E+002, 7.5036603E-002, 0.0000000E+000, 0.0000000E+000
 8.8302890E+002, 7.5012962E-002, 0.0000000E+000, 0.0000000E+000
 8.8404291E+002, 7.5004590E-002, 0.0000000E+000, 0.0000000E+000
 8.8501083E+002, 7.5001704E-002, 0.0000000E+000, 0.0000000E+000
 8.8602483E+002, 7.5000603E-002, 0.0000000E+000, 0.0000000E+000
 8.8703884E+002, 7.5000214E-002, 0.0000000E+000, 0.0000000E+000
 8.8800676E+002, 7.5000079E-002, 0.0000000E+000, 0.0000000E+000
 8.8902077E+002, 7.5000028E-002, 0.0000000E+000, 0.0000000E+000
 8.9003478E+002, 7.5000010E-002, 0.0000000E+000, 0.0000000E+000
 8.9100270E+002, 7.5000004E-002, 0.0000000E+000, 0.0000000E+000
 8.9201670E+002, 7.5000001E-002, 0.0000000E+000, 0.0000000E+000
 8.9303071E+002, 8.9065001E-002, 0.0000000E+000, 0.0000000E+000
 8.9404472E+002, 9.0657287E-002, 0.0000000E+000, 0.0000000E+000
 8.9501264E+002, 8.0812453E-002, 0.0000000E+000, 0.0000000E+000
 8.9602665E+002, 7.7058302E-002, 0.0000000E+000, 0.0000000E+000
 8.9704066E+002, 7.5728885E-002, 0.0000000E+000, 0.0000000E+000
 8.9800857E+002, 7.5270584E-002, 0.0000000E+000, 0.0000000E+000
 8.9902258E+002, 7.5095819E-002, 0.0000000E+000, 0.0000000E+000
 9.0003659E+002, 7.5033931E-002, 0.0000000E+000, 0.0000000E+000
 9.0100451E+002, 7.5012596E-002, 0.0000000E+000, 0.0000000E+000
 9.0201852E+002, 7.2699895E-002, 0.0000000E+000, 0.0000000E+000
 9.0303253E+002, 4.4196024E-002, 0.0000000E+000, 0.0000000E+000
 9.0400045E+002, 6.3564644E-002, 0.0000000E+000, 0.0000000E+000
 9.0501445E+002, 7.0950519E-002, 0.0000000E+000, 0.0000000E+000
 9.0602846E+002, 5.3319966E-002, 0.0000000E+000, 0.0000000E+000
 9.0704247E+002, 4.7357330E-002, 0.0000000E+000, 0.0000000E+000
 9.0801039E+002, 6.4738215E-002, 0.0000000E+000, 0.0000000E+000
 9.0902440E+002, 7.1366103E-002, 0.0000000E+000, 0.0000000E+000
 9.1003841E+002, 7.3713166E-002, 0.0000000E+000, 0.0000000E+000
 9.1100632E+002, 7.4522289E-002, 0.0000000E+000, 0.0000000E+000
 9.1202033E+002, 7.4830833E-002, 0.0000000E+000, 0.0000000E+000
 9.1303434E+002, 7.4940095E-002, 0.0000000E+000, 0.0000000E+000
 9.1400226E+002, 7.4977761E-002, 0.0000000E+000, 0.0000000E+000
 9.1501627E+002, 1.0035602E-001, 0.0000000E+000, 0.0000000E+000
 9.1603028E+002, 1.1627309E-001, 0.0000000E+000, 0.0000000E+000
 9.1704429E+002, 9.2308182E-002, 0.0000000E+000, 0.0000000E+000
 9.1801220E+002, 8.1425314E-002, 0.0000000E+000, 0.0000000E+000
 9.1902621E+002, 7.7275328E-002, 0.0000000E+000, 0.0000000E+000
 9.2004022E+002, 9.4614109E-002, 0.0000000E+000, 0.0000000E+000
 9.2100814E+002, 1.1371985E-001, 0.0000000E+000, 0.0000000E+000
 9.2202215E+002, 1.0219711E-001, 0.0000000E+000, 0.0000000E+000
 9.2303616E+002, 8.4631024E-002, 0.0000000E+000, 0.0000000E+000
 9.2400407E+002, 7.8575324E-002, 0.0000000E+000, 0.0000000E+000
 9.2501808E+002, 7.6266092E-002, 0.0000000E+000, 0.0000000E+000
 9.2603209E+002, 7.5448348E-002, 0.0000000E+000, 0.0000000E+000
 9.2700001E+002, 7.5166440E-002, 0.0000000E+000, 0.0000000E+000
 9.2801402E+002, 7.5058940E-002, 0.0000000E+000, 0.0000000E+000
 9.2902803E+002, 7.5020872E-002, 0.0000000E+000, 0.0000000E+000
 9.3004203E+002, 7.5007391E-002, 0.0000000E+000, 0.0000000E+000
 9.3100995E+002, 7.5002744E-002, 0.0000000E+000, 0.0000000E+000
 9.3202396E+002, 7.5000972E-002, 0.0000000E+000, 0.0000000E+000
 9.3303797E+002, 7.5000344E-002, 0.0000000E+000, 0.0000000E+000
 9.3400589E+002, 7.5000128E-002, 0.0000000E+000, 0.0000000E+000
 9.3501990E+002, 7.5000045E-002, 0.0000000E+000, 0.0000000E+000
 9.3603390E+002, 7.5000016E-002, 0.0000000E+000, 0.0000000E+000
 9.3700182E+002, 7.5000006E-002, 0.0000000E+000, 0.0000000E+000
 9.3801583E+002, 7.5000002E-002, 0.0000000E+000, 0.0000000E+000
 9.3902984E+002, 7.5000001E-002, 0.0000000E+000, 0.0000000E+000
 9.4004385E+002, 7.5000000E-002, 0.0000000E+000, 0.0000000E+000
 9.4101177E+002, 7.5000000E-002, 0.0000000E+000, 0.0000000E+000
 9.4202578E+002, 7.5000000E-002, 0.0000000E+000, 0.0000000E+000
 9.4303978E+002, 5.6191629E-002, 0.0000000E+000, 0.0000000E+000
 9.4400770E+002, 3.6579265E-002, 0.0000000E+000, 0.0000000E+000
 9.4502171E+002, 2.9100442E-002, 0.0000000E+000, 0.0000000E+000
 9.4603572E+002, 2.6452046E-002, 0.0000000E+000, 0.0000000E+000
 9.4700364E+002, 2.5539043E-002, 0.0000000E+000, 0.0000000E+000
 9.4801765E+002, 2.5190886E-002, 0.0000000E+000, 0.0000000E+000
 9.4903165E+002, 2.5067596E-002, 0.0000000E+000, 0.0000000E+000
 9.5004566E+002, 2.5023937E-002, 0.0000000E+000, 0.0000000E+000
 9.5101358E+002, 2.5008886E-002, 0.0000000E+000, 0.0000000E+000
 9.5202759E+002, 2.5003147E-002, 0.0000000E+000, 0.0000000E+000
 9.5304160E+002, 6.6931244E-002, 0.0000000E+000, 0.0000000E+000
 9.5400952E+002, 1.0344314E-001, 0.0000000E+000, 0.0000000E+000
 9.5502352E+002, 1.1736630E-001, 0.0000000E+000, 0.0000000E+000
 9.5603753E+002, 1.2229676E-001, 0.0000000E+000, 0.0000000E+000
 9.5700545E+002, 1.2399648E-001, 0.0000000E+000, 0.0000000E+000
 9.5801946E+002, 1.2464463E-001, 0.0000000E+000, 0.0000000E+000
 9.5903347E+002, 1.2487416E-001, 0.0000000E+000, 0.0000000E+000
 9.6000139E+002, 1.2495328E-001, 0.0000000E+000, 0.0000000E+000
 9.6101539E+002, 1.0473742E-001, 0.0000000E+000, 0.0000000E+000
 9.6202940E+002, 8.5530598E-002, 0.0000000E+000, 0.0000000E+000
 9.6304341E+002, 1.0685909E-001, 0.0000000E+000, 0.0000000E+000
 9.6401133E+002, 1.4970406E-001, 0.0000000E+000, 0.0000000E+000
 9.6502534E+002, 1.6604222E-001, 0.0000000E+000, 0.0000000E+000
 9.6603935E+002, 1.7182788E-001, 0.0000000E+000, 0.0000000E+000
 9.6700726E+002, 1.7382241E-001, 0.0000000E+000, 0.0000000E+000
 9.6802127E+002, 1.7458299E-001, 0.0000000E+000, 0.0000000E+000
 9.6903528E+002, 1.7485233E-001, 0.0000000E+000, 0.0000000E+000
 9.7000320E+002, 1.7494518E-001, 0.0000000E+000, 0.0000000E+000
 9.7101721E+002, 1.4636476E-001, 0.0000000E+000, 0.0000000E+000
 9.7203122E+002, 1.3256568E-001, 0.0000000E+000, 0.0000000E+000
 9.7304523E+002, 1.2767915E-001, 0.0000000E+000, 0.0000000E+000
 9.7401314E+002, 1.0182107E-001, 0.0000000E+000, 0.0000000E+000
 9.7502715E+002, 8.4497860E-002, 0.0000000E+000, 0.0000000E+000
 9.7604116E+002, 7.8363376E-002, 0.0000000E+000, 0.0000000E+000
 9.7700908E+002, 7.6248586E-002, 0.0000000E+000, 0.0000000E+000
 9.7802309E+002, 7.5442148E-002, 0.0000000E+000, 0.0000000E+000
 9.7903710E+002, 7.5156573E-002, 0.0000000E+000, 0.0000000E+000
 9.8000501E+002, 7.5058125E-002, 0.0000000E+000, 0.0000000E+000
 9.8101902E+002, 7.5020583E-002, 0.0000000E+000, 0.0000000E+000
 9.8203303E+002, 7.5007289E-002, 0.0000000E+000, 0.0000000E+000
 9.8300095E+002, 7.5002706E-002, 0.0000000E+000, 0.0000000E+000
 9.8401496E+002, 7.5000958E-002, 0.0000000E+000, 0.0000000E+000
 9.8502897E+002, 9.2301582E-002, 0.0000000E+000, 0.0000000E+000
 9.8604298E+002, 1.1342086E-001, 0.0000000E+000, 0.0000000E+000
 9.8701089E+002, 1.2070148E-001, 0.0000000E+000, 0.0000000E+000
 9.8802490E+002, 1.2347781E-001, 0.0000000E+000, 0.0000000E+000
 9.8903891E+002, 9.2166933E-002, 0.0000000E+000, 0.0000000E+000
 9.9000683E+002, 8.1372878E-002, 0.0000000E+000, 0.0000000E+000
 9.9102084E+002, 7.7256760E-002, 0.0000000E+000, 0.0000000E+000
 9.9203485E+002, 7.5799162E-002, 0.0000000E+000, 0.0000000E+000
 9.9300276E+002, 7.5296673E-002, 0.0000000E+000, 0.0000000E+000
 9.9401677E+002, 7.5105058E-002, 0.0000000E+000, 0.0000000E+000
 9.9503078E+002, 7.5037203E-002, 0.0000000E+000, 0.0000000E+000
 9.9604479E+002, 7.5013174E-002, 0.0000000E+000, 0.0000000E+000
 9.9701271E+002, 6.2676211E-002, 0.0000000E+000, 0.0000000E+000
 9.9802672E+002, 3.8341877E-002, 0.0000000E+000, 0.0000000E+000
 9.9900000E+002, 5.8656912E-002, 0.0000000E+000, 0.0000000E+000
